0	1E0
1	1.0106002793E0
2	1.0053144545E0
3	1.050686417E0
4	1.0503192926E0
5	1.0523302078E0
6	1.0721440798E0
7	1.0999410809E0
8	1.0936618694E0
9	1.082662342E0
10	1.0798375552E0
11	1.0677855964E0
12	1.0540423303E0
13	1.0141176926E0
14	1.0148232714E0
15	9.78654662E-1
16	1.001275746E0
17	9.9306611408E-1
18	9.9602377619E-1
19	1.0284335683E0
20	1.0737846952E0
21	1.0763433605E0
22	1.0786559491E0
23	1.0693904651E0
24	1.0845858223E0
25	1.0471709659E0
26	1.0399949289E0
27	1.0277075858E0
28	1.0274839935E0
29	1.0011984234E0
30	1.0361757733E0
31	1.0021680509E0
32	9.6209190018E-1
33	9.3945676476E-1
34	9.6224492481E-1
35	9.7546865021E-1
36	9.2624873969E-1
37	9.1414691063E-1
38	9.3945427027E-1
39	9.3631655081E-1
40	8.9557998342E-1
41	8.8478863903E-1
42	9.2054934826E-1
43	8.847945266E-1
44	8.7662991609E-1
45	8.6708819404E-1
46	8.7101854532E-1
47	8.4430588666E-1
48	8.1996868021E-1
49	8.2582350368E-1
50	8.4801920256E-1
51	8.7655622408E-1
52	8.8243876867E-1
53	8.3312242436E-1
54	8.3826681772E-1
55	8.1991824123E-1
56	8.4825739746E-1
57	8.2038905987E-1
58	8.1256402901E-1
59	8.1287114541E-1
60	8.2559698131E-1
61	7.9342885739E-1
62	8.0724365553E-1
63	8.2518398592E-1
64	8.2204257441E-1
65	7.865465779E-1
66	7.636396469E-1
67	7.694723841E-1
68	7.6075616098E-1
69	7.6584962787E-1
70	7.6857748426E-1
71	7.7722466955E-1
72	7.6675532671E-1
73	7.8507624717E-1
74	7.8677659615E-1
75	8.001994076E-1
76	8.0725224675E-1
77	7.9627538026E-1
78	7.8716569514E-1
79	7.8950694322E-1
80	7.4816984602E-1
81	7.3960025605E-1
82	7.6384612105E-1
83	7.3348326387E-1
84	7.3486082495E-1
85	7.5838985248E-1
86	7.4638787655E-1
87	7.3547353819E-1
88	7.547361964E-1
89	7.5433592243E-1
90	7.8998599908E-1
91	8.0414974522E-1
92	7.8547125707E-1
93	7.6314875417E-1
94	7.6508714225E-1
95	7.8585674435E-1
96	8.140880704E-1
97	8.0544469639E-1
98	8.1210532507E-1
99	8.1026628267E-1
100	8.1343029667E-1
101	8.0255707871E-1
102	8.0383971941E-1
103	7.9780145726E-1
104	8.0501291093E-1
105	8.1434970235E-1
106	8.0798735754E-1
107	8.5257984103E-1
108	8.6504263299E-1
109	9.0090024685E-1
110	9.0888509846E-1
111	9.2140246657E-1
112	9.0475899761E-1
113	8.8807585184E-1
114	8.915528416E-1
115	8.6959069791E-1
116	8.6435433639E-1
117	8.90899855E-1
118	8.8743705856E-1
119	9.0237842602E-1
120	8.9846481502E-1
121	9.1601264147E-1
122	9.2500329813E-1
123	9.1525784836E-1
124	9.6204621526E-1
125	9.6587488982E-1
126	9.5450345639E-1
127	9.6649210026E-1
128	9.5023891789E-1
129	9.6452275415E-1
130	9.3514784918E-1
131	9.3517775247E-1
132	9.5181873542E-1
133	9.6767371143E-1
134	9.8509271029E-1
135	1.0192899668E0
136	1.0223542085E0
137	9.8668384026E-1
138	1.0005348368E0
139	1.017149602E0
140	1.0174755117E0
141	1.0519105411E0
142	1.076096168E0
143	1.1165762738E0
144	1.16056953E0
145	1.1456051861E0
146	1.1070591768E0
147	1.1325950666E0
148	1.212362118E0
149	1.2023574179E0
150	1.20723444E0
151	1.2482380243E0
152	1.2297551857E0
153	1.2569054531E0
154	1.2439294338E0
155	1.2033467374E0
156	1.2026611594E0
157	1.2598667753E0
158	1.248398959E0
159	1.2613177455E0
160	1.2297305488E0
161	1.282901717E0
162	1.336581984E0
163	1.3317016392E0
164	1.3258616622E0
165	1.3455059803E0
166	1.3520271085E0
167	1.378327583E0
168	1.3815500816E0
169	1.3141020659E0
170	1.3792152348E0
171	1.3940234395E0
172	1.4149136769E0
173	1.3800058183E0
174	1.3489162483E0
175	1.3473066223E0
176	1.3282998175E0
177	1.3149656361E0
178	1.3161834391E0
179	1.2984121034E0
180	1.2990481644E0
181	1.3046399016E0
182	1.2839152205E0
183	1.2928559125E0
184	1.2759590443E0
185	1.2802626143E0
186	1.3040642979E0
187	1.3058173365E0
188	1.2802560509E0
189	1.3434817088E0
190	1.3759026538E0
191	1.3123841453E0
192	1.3111569752E0
193	1.3274013593E0
194	1.3074368215E0
195	1.3392973994E0
196	1.3060584667E0
197	1.2925259978E0
198	1.3050235906E0
199	1.3210846076E0
200	1.3399342439E0
201	1.3396706229E0
202	1.3000879198E0
203	1.3190911887E0
204	1.3477874291E0
205	1.3762397433E0
206	1.3999347077E0
207	1.4324241212E0
208	1.3892322835E0
209	1.4301103322E0
210	1.4389849308E0
211	1.472867404E0
212	1.5072319579E0
213	1.4958960639E0
214	1.5062437667E0
215	1.5142207532E0
216	1.5404377971E0
217	1.5879316605E0
218	1.5531825491E0
219	1.5847977927E0
220	1.6263749651E0
221	1.6110444298E0
222	1.5890124701E0
223	1.5591079785E0
224	1.5888428968E0
225	1.5789194995E0
226	1.5854294249E0
227	1.6253209115E0
228	1.6563052813E0
229	1.6664995405E0
230	1.6752676815E0
231	1.6776710376E0
232	1.6280685903E0
233	1.5935235893E0
234	1.6458064242E0
235	1.6395750725E0
236	1.6573817074E0
237	1.630008917E0
238	1.6534346797E0
239	1.622900978E0
240	1.6502897462E0
241	1.6475661828E0
242	1.6119544312E0
243	1.6549578137E0
244	1.6397713895E0
245	1.6802693332E0
246	1.6493066372E0
247	1.6477935097E0
248	1.6826420023E0
249	1.7081756136E0
250	1.7879178271E0
251	1.7963439162E0
252	1.7908485042E0
253	1.8371762269E0
254	1.8641683664E0
255	1.7983192326E0
256	1.8654565883E0
257	1.94002675E0
258	2.0298777817E0
259	2.0256782522E0
260	1.9526294671E0
261	1.9444172424E0
262	1.9177244567E0
263	1.9066133727E0
264	1.9168547439E0
265	1.961072165E0
266	1.9977192112E0
267	1.959043534E0
268	1.9830248723E0
269	2.0269211058E0
270	2.0836410385E0
271	2.1174464127E0
272	2.0716718257E0
273	2.1456893216E0
274	2.1215834093E0
275	2.1432095492E0
276	2.1635478962E0
277	2.1984693948E0
278	2.2742984424E0
279	2.2517365066E0
280	2.327028032E0
281	2.4549174212E0
282	2.4805754241E0
283	2.4844592259E0
284	2.5351051221E0
285	2.5807400132E0
286	2.6419371938E0
287	2.6731664056E0
288	2.6401607308E0
289	2.6240333239E0
290	2.6158437516E0
291	2.6137467494E0
292	2.6468397007E0
293	2.616395473E0
294	2.6054680231E0
295	2.6302612559E0
296	2.60058881E0
297	2.6502029296E0
298	2.7614914018E0
299	2.785421873E0
300	2.7557527069E0
301	2.7389562957E0
302	2.7670635492E0
303	2.8134900957E0
304	2.7927173612E0
305	2.786382491E0
306	2.7689744577E0
307	2.784324095E0
308	2.8798932439E0
309	2.839489487E0
310	2.8374492063E0
311	2.8503070027E0
312	2.8945555078E0
313	2.9440600255E0
314	2.9071820557E0
315	2.8814691757E0
316	2.8927726095E0
317	2.8800977827E0
318	2.8575967655E0
319	2.8128495469E0
320	2.8585571548E0
321	2.8430270546E0
322	2.8483752888E0
323	2.7915635808E0
324	2.8333853632E0
325	2.8569852513E0
326	2.9657792164E0
327	2.9829207433E0
328	3.0213376394E0
329	3.0165805858E0
330	3.0782019442E0
331	3.0641091255E0
332	3.0964604378E0
333	3.0909527579E0
334	3.1252231483E0
335	3.1390820565E0
336	3.1682749132E0
337	3.1801556545E0
338	3.1770491223E0
339	3.1705847982E0
340	3.1433036319E0
341	3.1611168534E0
342	3.1614935719E0
343	3.1701653865E0
344	3.1202335419E0
345	3.1576099698E0
346	3.2333940859E0
347	3.3273412948E0
348	3.3802527149E0
349	3.4334440151E0
350	3.4357846048E0
351	3.4622250732E0
352	3.501955604E0
353	3.503788701E0
354	3.498941232E0
355	3.5342431547E0
356	3.5599028364E0
357	3.5817648988E0
358	3.5867389639E0
359	3.6079148896E0
360	3.6281615976E0
361	3.6829312722E0
362	3.7229549353E0
363	3.7001074129E0
364	3.8235330058E0
365	3.8219377791E0
366	3.8562825896E0
367	3.8558968002E0
368	3.8864682723E0
369	3.8718130407E0
370	3.8822302334E0
371	3.9325030015E0
372	3.9223798424E0
373	3.9150159157E0
374	3.9129278251E0
375	3.9448334245E0
376	3.9869387179E0
377	4.0144766649E0
378	3.9652364901E0
379	4.0406567305E0
380	4.0111034998E0
381	4.0592041875E0
382	4.097844594E0
383	4.1213409764E0
384	4.1866748234E0
385	4.1125925769E0
386	4.1521905737E0
387	4.2234698036E0
388	4.2601421413E0
389	4.299192821E0
390	4.2626301948E0
391	4.3363929727E0
392	4.3745620149E0
393	4.3810495562E0
394	4.363304837E0
395	4.3672608975E0
396	4.3908625596E0
397	4.4572896773E0
398	4.432786296E0
399	4.4028687106E0
400	4.4108398388E0
401	4.4104551374E0
402	4.4965361003E0
403	4.5340649222E0
404	4.5264394016E0
405	4.480844106E0
406	4.483602247E0
407	4.5341731955E0
408	4.5258591516E0
409	4.5450551012E0
410	4.5907970099E0
411	4.5929304456E0
412	4.5898960261E0
413	4.5555461947E0
414	4.5818873483E0
415	4.5565773328E0
416	4.6203240035E0
417	4.5648059014E0
418	4.5368841186E0
419	4.5447776827E0
420	4.5405757604E0
421	4.5410713657E0
422	4.5545895593E0
423	4.5535566072E0
424	4.6410458183E0
425	4.7330058912E0
426	4.756896962E0
427	4.7210747754E0
428	4.6879419509E0
429	4.7720474063E0
430	4.8659929318E0
431	4.973969297E0
432	5.0499250643E0
433	4.9295110728E0
434	4.9864335336E0
435	4.9780190402E0
436	4.9902290843E0
437	5.0593697173E0
438	5.0686097935E0
439	5.1499011884E0
440	5.1945404169E0
441	5.2321656244E0
442	5.2944225404E0
443	5.3432842588E0
444	5.3652675205E0
445	5.4958813319E0
446	5.5380344011E0
447	5.5976448582E0
448	5.6230349461E0
449	5.7279177841E0
450	5.7904757697E0
451	5.7514458295E0
452	5.7229218463E0
453	5.8092247151E0
454	5.8996386031E0
455	5.7370033993E0
456	5.6657605658E0
457	5.5760691777E0
458	5.6105445133E0
459	5.5964636255E0
460	5.6368121131E0
461	5.6381716384E0
462	5.7624788945E0
463	5.7666623792E0
464	5.7656885953E0
465	5.7174374387E0
466	5.8723283303E0
467	5.9707185141E0
468	5.9837116709E0
469	6.0959376973E0
470	6.0502589554E0
471	6.1917018827E0
472	6.2684569041E0
473	6.4029579298E0
474	6.5304076112E0
475	6.6279446655E0
476	6.6982610585E0
477	6.7053758007E0
478	6.7865724834E0
479	6.7547080686E0
480	6.7855768327E0
481	6.8261666712E0
482	6.7439716516E0
483	6.7576749042E0
484	6.8044257047E0
485	6.7616603038E0
486	6.8178506169E0
487	6.8407602447E0
488	6.8074053178E0
489	7.0226497719E0
490	7.0958878222E0
491	7.0198484934E0
492	6.981457865E0
493	7.0494417346E0
494	7.1648300704E0
495	7.2231958603E0
496	7.2796244941E0
497	7.3188072651E0
498	7.2941825319E0
499	7.4037074145E0
500	7.5557236398E0
501	7.6412369664E0
502	7.4508144833E0
503	7.539760258E0
504	7.5331263097E0
505	7.6645466379E0
506	7.6942714453E0
507	7.8399722842E0
508	7.8902946905E0
509	7.9365435144E0
510	7.8172480304E0
511	7.8214975069E0
512	7.8171519564E0
513	7.800380314E0
514	7.8177724766E0
515	7.8431715388E0
516	7.8209370561E0
517	7.8145175527E0
518	7.9172672592E0
519	7.9320712567E0
520	7.9711644122E0
521	7.9619244569E0
522	7.9969043031E0
523	7.9496337714E0
524	7.9893043764E0
525	7.9600706417E0
526	7.9923925419E0
527	7.9649130904E0
528	7.9987366948E0
529	8.0497363083E0
530	8.1455705168E0
531	8.2200127004E0
532	8.4608603696E0
533	8.6226210265E0
534	8.6187722417E0
535	8.5689431699E0
536	8.415378541E0
537	8.3641874358E0
538	8.4243734163E0
539	8.466418115E0
540	8.7241741542E0
541	8.7299224121E0
542	8.8106610958E0
543	8.8815213865E0
544	8.8087101012E0
545	8.9324834375E0
546	8.7496410839E0
547	8.7781715121E0
548	8.7671417668E0
549	8.8172407795E0
550	8.8865528974E0
551	8.9173598926E0
552	8.8757714724E0
553	8.9781010968E0
554	8.9390849866E0
555	8.920017921E0
556	8.8546908084E0
557	8.9284618833E0
558	8.923793653E0
559	8.9779287439E0
560	8.9585983464E0
561	9.1060469433E0
562	9.0779762333E0
563	9.1055766059E0
564	9.1393127464E0
565	9.1259130436E0
566	9.1354877948E0
567	9.3738431121E0
568	9.4272229523E0
569	9.3808649473E0
570	9.3896397586E0
571	9.4582508329E0
572	9.3929945901E0
573	9.5129874834E0
574	9.6129827915E0
575	9.5979691167E0
576	9.7584182096E0
577	9.8799700604E0
578	1.001749743E1
579	1.0112622226E1
580	1.0151816942E1
581	1.0175235517E1
582	1.0358145372E1
583	1.0402960618E1
584	1.0383003764E1
585	1.0389163461E1
586	1.0488352172E1
587	1.054528025E1
588	1.0712149121E1
589	1.0808872246E1
590	1.0830846215E1
591	1.090856738E1
592	1.0871449593E1
593	1.0806400921E1
594	1.0774978018E1
595	1.0871405352E1
596	1.0964779749E1
597	1.089516217E1
598	1.0956857703E1
599	1.0990072031E1
600	1.1042932572E1
601	1.1059937609E1
602	1.124875247E1
603	1.1478866037E1
604	1.1361822913E1
605	1.1435221427E1
606	1.1432206078E1
607	1.141730569E1
608	1.1544615232E1
609	1.1664654603E1
610	1.1664409115E1
611	1.1618976989E1
612	1.160882954E1
613	1.1712358028E1
614	1.172059388E1
615	1.1753151531E1
616	1.1922118151E1
617	1.2015820238E1
618	1.2050140667E1
619	1.2067736311E1
620	1.1958770946E1
621	1.2089745436E1
622	1.2036311118E1
623	1.2195842205E1
624	1.2159510691E1
625	1.2243540414E1
626	1.2351350379E1
627	1.2350315322E1
628	1.2400415322E1
629	1.2493536707E1
630	1.2610604414E1
631	1.265583758E1
632	1.2815874383E1
633	1.2861896666E1
634	1.3075737938E1
635	1.3030934663E1
636	1.3030898323E1
637	1.3107536719E1
638	1.3386828184E1
639	1.3678086515E1
640	1.375436862E1
641	1.3732818288E1
642	1.3663236784E1
643	1.379183584E1
644	1.4016200845E1
645	1.4103699943E1
646	1.4181624838E1
647	1.4158305391E1
648	1.4249624879E1
649	1.4371472086E1
650	1.4351895275E1
651	1.4411258183E1
652	1.441447451E1
653	1.4529279764E1
654	1.4663244878E1
655	1.4597695618E1
656	1.4798925283E1
657	1.4887553313E1
658	1.4908251343E1
659	1.4954950586E1
660	1.5232678871E1
661	1.5386002313E1
662	1.5471904377E1
663	1.5610905267E1
664	1.5430600983E1
665	1.5483763784E1
666	1.5458149713E1
667	1.5410037216E1
668	1.5360840825E1
669	1.5292346073E1
670	1.5378300508E1
671	1.551457876E1
672	1.5528133576E1
673	1.5599195384E1
674	1.5496533185E1
675	1.5597787218E1
676	1.5581859094E1
677	1.5389075418E1
678	1.5449856532E1
679	1.5726872693E1
680	1.5970129343E1
681	1.5874984982E1
682	1.5853059345E1
683	1.5843370513E1
684	1.6030150813E1
685	1.6065801202E1
686	1.6081583111E1
687	1.6115033163E1
688	1.6365328369E1
689	1.6633449564E1
690	1.6743852844E1
691	1.6813281545E1
692	1.6968339476E1
693	1.697287149E1
694	1.7274273131E1
695	1.7319786519E1
696	1.7412394496E1
697	1.7339729494E1
698	1.7562820773E1
699	1.7819561097E1
700	1.7951216087E1
701	1.8061678299E1
702	1.8045291485E1
703	1.8229485551E1
704	1.8127826296E1
705	1.8072929927E1
706	1.8184227738E1
707	1.8439331823E1
708	1.8572836335E1
709	1.8891642975E1
710	1.8926626358E1
711	1.9036768262E1
712	1.9202885069E1
713	1.9260298862E1
714	1.9274712872E1
715	1.919665188E1
716	1.9106521996E1
717	1.9210371026E1
718	1.9477950384E1
719	1.9605315608E1
720	1.9610833865E1
721	1.9506275964E1
722	1.959945688E1
723	1.9654076336E1
724	1.9653734785E1
725	1.9638360761E1
726	1.9786721024E1
727	1.9838420614E1
728	2.0123577928E1
729	2.0157979968E1
730	2.0156488964E1
731	2.0296936851E1
732	2.0425728808E1
733	2.0497205765E1
734	2.0691742774E1
735	2.0732512267E1
736	2.0983188076E1
737	2.0939510293E1
738	2.1150593441E1
739	2.1226119235E1
740	2.1279741983E1
741	2.1531845079E1
742	2.1710539649E1
743	2.1984877493E1
744	2.1887788598E1
745	2.2336905749E1
746	2.2458205998E1
747	2.2425752686E1
748	2.2810355929E1
749	2.3197559129E1
750	2.3511001461E1
751	2.3647045553E1
752	2.3646909053E1
753	2.3664369529E1
754	2.3652089969E1
755	2.3811202089E1
756	2.401385349E1
757	2.4048799631E1
758	2.4180377773E1
759	2.4480782329E1
760	2.459400096E1
761	2.4627159464E1
762	2.4687620643E1
763	2.4806288774E1
764	2.4777459551E1
765	2.4950294129E1
766	2.5247380617E1
767	2.5567046755E1
768	2.5853256552E1
769	2.6137771409E1
770	2.643172602E1
771	2.6290298136E1
772	2.6426117147E1
773	2.6182670231E1
774	2.6449174825E1
775	2.6702453675E1
776	2.6888356864E1
777	2.7188003704E1
778	2.7326046257E1
779	2.7414340697E1
780	2.7609652716E1
781	2.7640818607E1
782	2.7633225557E1
783	2.7611832084E1
784	2.7826253293E1
785	2.8061684374E1
786	2.8351284209E1
787	2.8795555337E1
788	2.8944269619E1
789	2.8748296301E1
790	2.8989484407E1
791	2.8979420311E1
792	2.9107247393E1
793	2.9210256469E1
794	2.9384903795E1
795	2.9426980353E1
796	2.9492313569E1
797	2.981260255E1
798	2.9724334007E1
799	2.9930640793E1
800	3.0276374661E1
801	3.0475786152E1
802	3.0334562556E1
803	3.0528350832E1
804	3.0892943091E1
805	3.1196864491E1
806	3.1136418631E1
807	3.1097166065E1
808	3.1112489325E1
809	3.1324026906E1
810	3.1342343102E1
811	3.1456664086E1
812	3.1801489714E1
813	3.2184075487E1
814	3.2232524206E1
815	3.2074253635E1
816	3.2214897458E1
817	3.2170777738E1
818	3.2112819659E1
819	3.2395021179E1
820	3.2528909163E1
821	3.26920398E1
822	3.2686591154E1
823	3.2944829297E1
824	3.3017578656E1
825	3.2958047353E1
826	3.2961663155E1
827	3.3189731692E1
828	3.3600647306E1
829	3.3642268623E1
830	3.3878101205E1
831	3.406318347E1
832	3.4180193408E1
833	3.4002199256E1
834	3.4152878913E1
835	3.4203470905E1
836	3.4362727762E1
837	3.4493838875E1
838	3.4718539051E1
839	3.4519409396E1
840	3.4608866091E1
841	3.489500065E1
842	3.4872812025E1
843	3.5145655721E1
844	3.515714461E1
845	3.5018883576E1
846	3.5482007144E1
847	3.5865711132E1
848	3.6284211478E1
849	3.6545426975E1
850	3.6731356224E1
851	3.6963772808E1
852	3.7201973731E1
853	3.753428821E1
854	3.7572393042E1
855	3.7823033118E1
856	3.7988783408E1
857	3.8204463809E1
858	3.8276209834E1
859	3.8138031955E1
860	3.8223131608E1
861	3.8467677483E1
862	3.8538838425E1
863	3.8548720012E1
864	3.8768313325E1
865	3.8979341448E1
866	3.8967588384E1
867	3.8964076075E1
868	3.9277298281E1
869	3.9523925608E1
870	3.9692070171E1
871	3.9865092223E1
872	4.0304786921E1
873	4.0640006553E1
874	4.0850778061E1
875	4.0952706901E1
876	4.0847951645E1
877	4.1034596096E1
878	4.1516358113E1
879	4.1631194307E1
880	4.1861304614E1
881	4.2363221729E1
882	4.2459887333E1
883	4.2233964616E1
884	4.2520417274E1
885	4.2790021138E1
886	4.2948044433E1
887	4.2942534327E1
888	4.329514247E1
889	4.3662400501E1
890	4.3881641247E1
891	4.427646924E1
892	4.4502085943E1
893	4.4918564446E1
894	4.5083755435E1
895	4.542276608E1
896	4.5512993749E1
897	4.5726807893E1
898	4.593061292E1
899	4.5950064409E1
900	4.6408999037E1
901	4.6359670362E1
902	4.6482766717E1
903	4.6289573275E1
904	4.6466095976E1
905	4.6664998566E1
906	4.6904508735E1
907	4.7020707189E1
908	4.7307153534E1
909	4.7384060629E1
910	4.7711850682E1
911	4.7951016257E1
912	4.820671883E1
913	4.8849225501E1
914	4.9137489876E1
915	4.9543411133E1
916	4.9718048885E1
917	5.0021121883E1
918	5.0094965486E1
919	5.035234902E1
920	5.0714157404E1
921	5.1072712671E1
922	5.1196082264E1
923	5.1061015838E1
924	5.1102419155E1
925	5.1380623085E1
926	5.1841784783E1
927	5.2132243046E1
928	5.2171049072E1
929	5.228061969E1
930	5.2406917309E1
931	5.2533874581E1
932	5.2678828101E1
933	5.2674836515E1
934	5.275621992E1
935	5.2699705495E1
936	5.2707047153E1
937	5.296993667E1
938	5.3227427133E1
939	5.3363714951E1
940	5.3406458301E1
941	5.3394371373E1
942	5.3444359317E1
943	5.3471417885E1
944	5.3723038632E1
945	5.3764947167E1
946	5.3952616771E1
947	5.3860678593E1
948	5.4155696701E1
949	5.4705325145E1
950	5.5204537058E1
951	5.5758627517E1
952	5.6330407684E1
953	5.6512596073E1
954	5.6603417107E1
955	5.6931120648E1
956	5.6997586673E1
957	5.6939877715E1
958	5.7308636668E1
959	5.7397872509E1
960	5.7525945003E1
961	5.7577352441E1
962	5.7705302173E1
963	5.7844650357E1
964	5.7921041025E1
965	5.8199412268E1
966	5.85876383E1
967	5.8763573259E1
968	5.9056551348E1
969	5.8951617119E1
970	5.9309569777E1
971	5.9520241682E1
972	5.9804520628E1
973	6.0164215665E1
974	6.0423815419E1
975	6.1120039465E1
976	6.1271665741E1
977	6.1285219694E1
978	6.1745505377E1
979	6.2179658872E1
980	6.2519446398E1
981	6.2611556136E1
982	6.2753438741E1
983	6.3011803105E1
984	6.3192040161E1
985	6.3342436474E1
986	6.3487951154E1
987	6.3548418495E1
988	6.4129484353E1
989	6.4437225077E1
990	6.4861194676E1
991	6.5562293588E1
992	6.5878067723E1
993	6.5885455743E1
994	6.6260999212E1
995	6.6485719687E1
996	6.6692479943E1
997	6.6917968037E1
998	6.7252463812E1
999	6.7673568445E1
1000	6.78643993E1
1001	6.8022119787E1
1002	6.8280538731E1
1003	6.8678529369E1
1004	6.8883024245E1
1005	6.9075381449E1
1006	6.8928069914E1
1007	6.9291929097E1
1008	6.9749028931E1
1009	6.9891406977E1
1010	6.9981878544E1
1011	7.051712298E1
1012	7.0758916E1
1013	7.0820646278E1
1014	7.0952193348E1
1015	7.1092774981E1
1016	7.1279180667E1
1017	7.1633316556E1
1018	7.2014045681E1
1019	7.2290973659E1
1020	7.2379222357E1
1021	7.2388345304E1
1022	7.2607136548E1
1023	7.2929345389E1
1024	7.3201020388E1
1025	7.3374992641E1
1026	7.3349184337E1
1027	7.3611701561E1
1028	7.3887328209E1
1029	7.3880958368E1
1030	7.4134147329E1
1031	7.4655948133E1
1032	7.5066313163E1
1033	7.5307753871E1
1034	7.5302556206E1
1035	7.5750851734E1
1036	7.5806552491E1
1037	7.6136727628E1
1038	7.6292407237E1
1039	7.6299501825E1
1040	7.6696935955E1
1041	7.6825266255E1
1042	7.7094967371E1
1043	7.7499430434E1
1044	7.7783695742E1
1045	7.7868975124E1
1046	7.8227647908E1
1047	7.8561604609E1
1048	7.8503991544E1
1049	7.8679557613E1
1050	7.8669786701E1
1051	7.8876074675E1
1052	7.8930470656E1
1053	7.901342847E1
1054	7.9277155913E1
1055	7.9263412184E1
1056	7.9736267279E1
1057	7.9947711002E1
1058	8.0572859939E1
1059	8.0637743752E1
1060	8.0868218782E1
1061	8.1141082628E1
1062	8.124096795E1
1063	8.1484071434E1
1064	8.1850717551E1
1065	8.2026614412E1
1066	8.2468244322E1
1067	8.2443445128E1
1068	8.298991077E1
1069	8.3280603453E1
1070	8.3566780334E1
1071	8.3893945638E1
1072	8.4329071101E1
1073	8.484185646E1
1074	8.5536133308E1
1075	8.5753750952E1
1076	8.6176673602E1
1077	8.662807185E1
1078	8.6784430725E1
1079	8.6819598231E1
1080	8.6913286138E1
1081	8.7212308762E1
1082	8.732438021E1
1083	8.7786375605E1
1084	8.772701768E1
1085	8.8088276005E1
1086	8.8316873183E1
1087	8.8477530583E1
1088	8.8876315833E1
1089	8.9085340223E1
1090	8.966019068E1
1091	8.9938351025E1
1092	9.0346266288E1
1093	9.0792886746E1
1094	9.1069229445E1
1095	9.1514113005E1
1096	9.1797957433E1
1097	9.2496974764E1
1098	9.2985302386E1
1099	9.3130794704E1
1100	9.3323754924E1
1101	9.3527638381E1
1102	9.3708816778E1
1103	9.3518012455E1
1104	9.3752228258E1
1105	9.4123678934E1
1106	9.4291705803E1
1107	9.4653200085E1
1108	9.4896635675E1
1109	9.4951459016E1
1110	9.4924409647E1
1111	9.5169161365E1
1112	9.5584844354E1
1113	9.5669363233E1
1114	9.5837552896E1
1115	9.6201746751E1
1116	9.6467755524E1
1117	9.6418549601E1
1118	9.6283627793E1
1119	9.6575482165E1
1120	9.6803222879E1
1121	9.6963359886E1
1122	9.7158892918E1
1123	9.7408991647E1
1124	9.7742680993E1
1125	9.8080206413E1
1126	9.8388549484E1
1127	9.8617256132E1
1128	9.8885961187E1
1129	9.8924200488E1
1130	9.9485773368E1
1131	9.9768787761E1
1132	9.9690780249E1
1133	1.0003606993E2
1134	1.0027078868E2
1135	1.0060723737E2
1136	1.0112341026E2
1137	1.0119508411E2
1138	1.0181759805E2
1139	1.0231367575E2
1140	1.0215771486E2
1141	1.0227612492E2
1142	1.0272698043E2
1143	1.0269883057E2
1144	1.0320193659E2
1145	1.0336352279E2
1146	1.0386153356E2
1147	1.0412011504E2
1148	1.0449249013E2
1149	1.0484773978E2
1150	1.05332405E2
1151	1.0568337534E2
1152	1.0584881654E2
1153	1.0625627345E2
1154	1.0702827911E2
1155	1.0760976134E2
1156	1.0791562682E2
1157	1.0840882651E2
1158	1.0866027418E2
1159	1.0898966653E2
1160	1.0960790121E2
1161	1.0993698708E2
1162	1.1032502013E2
1163	1.1046895352E2
1164	1.1053448923E2
1165	1.1088907344E2
1166	1.1104860277E2
1167	1.1109530848E2
1168	1.1136452973E2
1169	1.1142739714E2
1170	1.1173372178E2
1171	1.1168530354E2
1172	1.1195168553E2
1173	1.1196904897E2
1174	1.1229366771E2
1175	1.1270997197E2
1176	1.1325743162E2
1177	1.1343720763E2
1178	1.1376884671E2
1179	1.1409076894E2
1180	1.1415660654E2
1181	1.145897939E2
1182	1.1523077418E2
1183	1.1555152969E2
1184	1.1562628622E2
1185	1.1585289302E2
1186	1.159017147E2
1187	1.1591095278E2
1188	1.1636955284E2
1189	1.1618880396E2
1190	1.1672676468E2
1191	1.1710940963E2
1192	1.176716535E2
1193	1.1835326295E2
1194	1.185414975E2
1195	1.1866956638E2
1196	1.1920651056E2
1197	1.1920831345E2
1198	1.1987210806E2
1199	1.2040118326E2
1200	1.203806641E2
1201	1.2041987485E2
1202	1.2037919932E2
1203	1.2084204332E2
1204	1.2104893018E2
1205	1.2107073279E2
1206	1.2113905097E2
1207	1.2115747617E2
1208	1.2135052068E2
1209	1.2177380199E2
1210	1.2198545666E2
1211	1.220734212E2
1212	1.2248602242E2
1213	1.2268958727E2
1214	1.2295436311E2
1215	1.2341221508E2
1216	1.2341984745E2
1217	1.2355294472E2
1218	1.2351867506E2
1219	1.2343420283E2
1220	1.2390914251E2
1221	1.2448856609E2
1222	1.248755176E2
1223	1.2494550925E2
1224	1.2529131034E2
1225	1.2572366634E2
1226	1.2585064761E2
1227	1.2608386345E2
1228	1.2650342278E2
1229	1.2677653685E2
1230	1.2680127757E2
1231	1.2718565566E2
1232	1.2771948467E2
1233	1.2792409035E2
1234	1.2778594084E2
1235	1.2814831486E2
1236	1.2846393235E2
1237	1.2881839381E2
1238	1.2877719434E2
1239	1.2926932434E2
1240	1.2957578885E2
1241	1.2987358831E2
1242	1.2956755132E2
1243	1.2972149611E2
1244	1.3011270565E2
1245	1.3036758188E2
1246	1.3084731419E2
1247	1.3118467207E2
1248	1.3145854998E2
1249	1.3186870675E2
1250	1.3186521744E2
1251	1.3202964341E2
1252	1.3224940952E2
1253	1.3253819174E2
1254	1.3265815182E2
1255	1.331990899E2
1256	1.3345058782E2
1257	1.3387428151E2
1258	1.3448383248E2
1259	1.3513479337E2
1260	1.3555587173E2
1261	1.3589922029E2
1262	1.3615381373E2
1263	1.3618789537E2
1264	1.3654590008E2
1265	1.3674193703E2
1266	1.3732411542E2
1267	1.37892086E2
1268	1.3844524306E2
1269	1.3865131097E2
1270	1.3932887822E2
1271	1.3987514837E2
1272	1.3959592508E2
1273	1.4014418266E2
1274	1.4047058863E2
1275	1.4074596188E2
1276	1.4099442134E2
1277	1.4177384844E2
1278	1.4190934776E2
1279	1.4184043933E2
1280	1.4215783025E2
1281	1.4251086182E2
1282	1.4300479479E2
1283	1.4339182118E2
1284	1.4383827159E2
1285	1.4435031841E2
1286	1.4443458618E2
1287	1.4453958366E2
1288	1.451115968E2
1289	1.4556180756E2
1290	1.4597671911E2
1291	1.4595948369E2
1292	1.4596726462E2
1293	1.4603811944E2
1294	1.4629116803E2
1295	1.4664647868E2
1296	1.4685343932E2
1297	1.4709920015E2
1298	1.4713472848E2
1299	1.4752498024E2
1300	1.4767301746E2
1301	1.4783965989E2
1302	1.4780082731E2
1303	1.4804334917E2
1304	1.4821889259E2
1305	1.489289579E2
1306	1.4914516354E2
1307	1.4936991219E2
1308	1.4949841039E2
1309	1.5007989762E2
1310	1.503834935E2
1311	1.5083596426E2
1312	1.5100648643E2
1313	1.5128716042E2
1314	1.5172047188E2
1315	1.5199632404E2
1316	1.5247534505E2
1317	1.5263083516E2
1318	1.5300837492E2
1319	1.5297757256E2
1320	1.5338110055E2
1321	1.536227667E2
1322	1.5410041124E2
1323	1.5463954478E2
1324	1.5482821988E2
1325	1.5523273295E2
1326	1.5532313582E2
1327	1.5568402044E2
1328	1.5581258524E2
1329	1.5592870592E2
1330	1.5667705602E2
1331	1.5697024779E2
1332	1.5718721936E2
1333	1.5753368797E2
1334	1.579808295E2
1335	1.5846486689E2
1336	1.5898089829E2
1337	1.5912589612E2
1338	1.5934805162E2
1339	1.5951544471E2
1340	1.5981782677E2
1341	1.6033504603E2
1342	1.605883855E2
1343	1.6088796417E2
1344	1.6131407922E2
1345	1.6159899252E2
1346	1.6163634363E2
1347	1.6191303664E2
1348	1.6222178332E2
1349	1.6239263386E2
1350	1.6265478801E2
1351	1.6301051223E2
1352	1.6313167406E2
1353	1.63745234E2
1354	1.6418285063E2
1355	1.6435362763E2
1356	1.644138455E2
1357	1.6476499796E2
1358	1.6529812888E2
1359	1.6558721243E2
1360	1.655879743E2
1361	1.6605369859E2
1362	1.6626628468E2
1363	1.6668215629E2
1364	1.6685670928E2
1365	1.6721821824E2
1366	1.6744773809E2
1367	1.6781400125E2
1368	1.6813144006E2
1369	1.6839358484E2
1370	1.6877153499E2
1371	1.6882280267E2
1372	1.6927011605E2
1373	1.697068075E2
1374	1.6990306222E2
1375	1.7014171653E2
1376	1.7069200828E2
1377	1.7106469689E2
1378	1.7158093778E2
1379	1.7196392132E2
1380	1.7208589459E2
1381	1.7235879597E2
1382	1.7279368426E2
1383	1.7319170074E2
1384	1.7368714123E2
1385	1.7401262618E2
1386	1.7456212841E2
1387	1.7487662832E2
1388	1.7531473034E2
1389	1.7577664465E2
1390	1.7584852993E2
1391	1.7638373039E2
1392	1.7664417581E2
1393	1.76820714E2
1394	1.7670134782E2
1395	1.7690522118E2
1396	1.7706561227E2
1397	1.7709259423E2
1398	1.7723153033E2
1399	1.7758723452E2
1400	1.7797737032E2
1401	1.7822294802E2
1402	1.7842899632E2
1403	1.7850667557E2
1404	1.7882195976E2
1405	1.7906519444E2
1406	1.7932803061E2
1407	1.7942180435E2
1408	1.7965710295E2
1409	1.7998852977E2
1410	1.8011668319E2
1411	1.8036633249E2
1412	1.803917319E2
1413	1.8068231594E2
1414	1.8112006084E2
1415	1.8142983053E2
1416	1.8171537137E2
1417	1.821559158E2
1418	1.8250957111E2
1419	1.8269310766E2
1420	1.8283652034E2
1421	1.8283711232E2
1422	1.8359140697E2
1423	1.8387409354E2
1424	1.8418838248E2
1425	1.8449754966E2
1426	1.847758611E2
1427	1.8486320708E2
1428	1.8488474089E2
1429	1.8489121901E2
1430	1.850774402E2
1431	1.852655859E2
1432	1.8581148932E2
1433	1.8576225238E2
1434	1.8601717032E2
1435	1.8632551153E2
1436	1.8647637605E2
1437	1.8651173026E2
1438	1.868927887E2
1439	1.872541046E2
1440	1.8776542935E2
1441	1.8814544049E2
1442	1.8836730921E2
1443	1.8844522922E2
1444	1.8890300661E2
1445	1.8904490253E2
1446	1.8941497394E2
1447	1.9004525652E2
1448	1.9044477185E2
1449	1.9059597426E2
1450	1.9097150597E2
1451	1.9144289362E2
1452	1.916848522E2
1453	1.9188923827E2
1454	1.92331291E2
1455	1.9241261479E2
1456	1.9249086415E2
1457	1.930068693E2
1458	1.933213893E2
1459	1.9329125287E2
1460	1.9346702308E2
1461	1.9351482227E2
1462	1.937099413E2
1463	1.9414609071E2
1464	1.9443195496E2
1465	1.9506434791E2
1466	1.9524922096E2
1467	1.955299818E2
1468	1.9592863233E2
1469	1.965645577E2
1470	1.9673236724E2
1471	1.9731569521E2
1472	1.9712005992E2
1473	1.9766319671E2
1474	1.9782257018E2
1475	1.9780132578E2
1476	1.9868244005E2
1477	1.9885016224E2
1478	1.9931446159E2
1479	2.0007555951E2
1480	2.0065350739E2
1481	2.0136246678E2
1482	2.0175113829E2
1483	2.0228109959E2
1484	2.0263588866E2
1485	2.0305459805E2
1486	2.0323451482E2
1487	2.0352256758E2
1488	2.037433894E2
1489	2.0405285692E2
1490	2.0434236221E2
1491	2.0488752638E2
1492	2.0515873371E2
1493	2.0558127634E2
1494	2.0605595812E2
1495	2.0627657668E2
1496	2.0682295508E2
1497	2.0709366483E2
1498	2.0728763379E2
1499	2.0747571004E2
1500	2.079904649E2
1501	2.0864691348E2
1502	2.0887084936E2
1503	2.0911556645E2
1504	2.0964855036E2
1505	2.0980051116E2
1506	2.0992120727E2
1507	2.1023085952E2
1508	2.1089868564E2
1509	2.1121442289E2
1510	2.1150661204E2
1511	2.1184104217E2
1512	2.1195986186E2
1513	2.1252995719E2
1514	2.1290582213E2
1515	2.131807596E2
1516	2.1368872974E2
1517	2.1411993479E2
1518	2.1447237849E2
1519	2.1490313769E2
1520	2.1556450037E2
1521	2.1604556116E2
1522	2.1633981489E2
1523	2.1645843435E2
1524	2.1650031866E2
1525	2.1675682683E2
1526	2.1703826762E2
1527	2.172368243E2
1528	2.1736293039E2
1529	2.1777823046E2
1530	2.1833151547E2
1531	2.1872860629E2
1532	2.1932965902E2
1533	2.198290229E2
1534	2.2044475115E2
1535	2.2091532516E2
1536	2.2101852588E2
1537	2.2145219704E2
1538	2.2182178036E2
1539	2.2226538028E2
1540	2.2242786562E2
1541	2.2259011326E2
1542	2.2257557934E2
1543	2.2262130359E2
1544	2.2301528642E2
1545	2.2343355939E2
1546	2.2386085682E2
1547	2.2431152359E2
1548	2.2489644142E2
1549	2.2501374414E2
1550	2.2541498809E2
1551	2.2549359225E2
1552	2.2601664463E2
1553	2.2636703775E2
1554	2.2652959103E2
1555	2.2632519471E2
1556	2.2636872577E2
1557	2.2671614205E2
1558	2.2720077446E2
1559	2.2743977667E2
1560	2.2759641425E2
1561	2.2802650722E2
1562	2.2801855152E2
1563	2.2841405371E2
1564	2.2821138668E2
1565	2.2870486137E2
1566	2.2921334381E2
1567	2.2952474866E2
1568	2.2976205001E2
1569	2.3022879078E2
1570	2.306250578E2
1571	2.3078535492E2
1572	2.3145272988E2
1573	2.3202886936E2
1574	2.3259871291E2
1575	2.3280051355E2
1576	2.3304198151E2
1577	2.3334520512E2
1578	2.3355758926E2
1579	2.339841176E2
1580	2.3429415918E2
1581	2.3439203823E2
1582	2.3453686306E2
1583	2.3526399198E2
1584	2.3573311714E2
1585	2.3627216983E2
1586	2.3654155067E2
1587	2.3660979364E2
1588	2.3712623369E2
1589	2.3758303718E2
1590	2.3756930993E2
1591	2.3824315936E2
1592	2.3857405502E2
1593	2.3901115258E2
1594	2.3930646691E2
1595	2.3978267113E2
1596	2.4014558298E2
1597	2.4027483955E2
1598	2.4068093849E2
1599	2.4079190141E2
1600	2.4121515514E2
1601	2.4146548508E2
1602	2.4177298323E2
1603	2.4191716519E2
1604	2.4199528347E2
1605	2.425421342E2
1606	2.429064172E2
1607	2.4344203046E2
1608	2.4416917111E2
1609	2.4484154247E2
1610	2.450896429E2
1611	2.4533904218E2
1612	2.4565902789E2
1613	2.4615816512E2
1614	2.4650355468E2
1615	2.4697006682E2
1616	2.4716316544E2
1617	2.4750898412E2
1618	2.478198923E2
1619	2.4817862633E2
1620	2.4826921141E2
1621	2.4828118497E2
1622	2.4864328529E2
1623	2.4914527092E2
1624	2.4972792672E2
1625	2.5027488929E2
1626	2.5042366678E2
1627	2.5098188206E2
1628	2.5116596331E2
1629	2.5151899528E2
1630	2.5144047068E2
1631	2.5158087362E2
1632	2.518167269E2
1633	2.5240958696E2
1634	2.527997048E2
1635	2.5304195952E2
1636	2.5325690685E2
1637	2.5349560682E2
1638	2.5389185614E2
1639	2.5440347226E2
1640	2.5477788171E2
1641	2.5518772116E2
1642	2.5553760768E2
1643	2.5539676254E2
1644	2.5526119855E2
1645	2.5559495892E2
1646	2.5595625361E2
1647	2.5650968838E2
1648	2.568759393E2
1649	2.5741096555E2
1650	2.5743827566E2
1651	2.5802137412E2
1652	2.5836635876E2
1653	2.5866404074E2
1654	2.5902046558E2
1655	2.5958039239E2
1656	2.6009439913E2
1657	2.6066343493E2
1658	2.6105561144E2
1659	2.6133407844E2
1660	2.6166785512E2
1661	2.6201941647E2
1662	2.6244601888E2
1663	2.6249723511E2
1664	2.6284043463E2
1665	2.6316648207E2
1666	2.6398604775E2
1667	2.6424666021E2
1668	2.642726068E2
1669	2.6455500031E2
1670	2.6499032964E2
1671	2.6522811995E2
1672	2.657790162E2
1673	2.663116388E2
1674	2.670093345E2
1675	2.6714823397E2
1676	2.6767437158E2
1677	2.6794133839E2
1678	2.6827989911E2
1679	2.6878651108E2
1680	2.689908439E2
1681	2.694837199E2
1682	2.6983108261E2
1683	2.7023842902E2
1684	2.7034855703E2
1685	2.706734567E2
1686	2.7108568787E2
1687	2.7176664854E2
1688	2.7185761892E2
1689	2.7182782124E2
1690	2.7217561723E2
1691	2.7258200347E2
1692	2.7231561149E2
1693	2.7269772416E2
1694	2.7278504253E2
1695	2.7273691775E2
1696	2.7318688437E2
1697	2.735783849E2
1698	2.7393113016E2
1699	2.7416518114E2
1700	2.7453586033E2
1701	2.7481580551E2
1702	2.7488838082E2
1703	2.7522338576E2
1704	2.7572385097E2
1705	2.7602386112E2
1706	2.7644828318E2
1707	2.7680988816E2
1708	2.7714192754E2
1709	2.7705032357E2
1710	2.77276302E2
1711	2.7786375976E2
1712	2.7848345792E2
1713	2.7887866915E2
1714	2.7943040906E2
1715	2.8020397788E2
1716	2.8072620225E2
1717	2.8113954214E2
1718	2.812780779E2
1719	2.816242432E2
1720	2.8173931262E2
1721	2.8176143479E2
1722	2.8205599863E2
1723	2.8220102416E2
1724	2.8273307433E2
1725	2.8314518683E2
1726	2.8340668375E2
1727	2.8376125681E2
1728	2.8365172527E2
1729	2.8410399614E2
1730	2.8426161233E2
1731	2.8467413596E2
1732	2.8502933757E2
1733	2.8526953671E2
1734	2.8569581714E2
1735	2.8593243951E2
1736	2.8632915617E2
1737	2.8681279158E2
1738	2.8718866836E2
1739	2.8733198669E2
1740	2.8787084844E2
1741	2.8793086119E2
1742	2.8819081596E2
1743	2.8862462051E2
1744	2.8919751126E2
1745	2.8972772956E2
1746	2.9047548577E2
1747	2.9075152005E2
1748	2.9106637808E2
1749	2.9113449654E2
1750	2.9159405828E2
1751	2.9187382649E2
1752	2.9222411686E2
1753	2.9255878407E2
1754	2.9312725585E2
1755	2.9368712966E2
1756	2.938247472E2
1757	2.9404679439E2
1758	2.9460288587E2
1759	2.9501766939E2
1760	2.9534960151E2
1761	2.956914696E2
1762	2.9646719701E2
1763	2.9713336177E2
1764	2.9763081373E2
1765	2.981499106E2
1766	2.9861779141E2
1767	2.9898923359E2
1768	2.9936159723E2
1769	2.9973771953E2
1770	3.0003418926E2
1771	3.006794253E2
1772	3.0124341183E2
1773	3.0140795847E2
1774	3.0181168688E2
1775	3.0174320645E2
1776	3.0196904329E2
1777	3.0242958914E2
1778	3.0290545516E2
1779	3.0303680577E2
1780	3.0328925903E2
1781	3.0369817076E2
1782	3.0396760715E2
1783	3.044313592E2
1784	3.0472092087E2
1785	3.0519755736E2
1786	3.0551349556E2
1787	3.0589399803E2
1788	3.0626070148E2
1789	3.066097388E2
1790	3.0692417764E2
1791	3.0701037144E2
1792	3.0713690614E2
1793	3.0752659616E2
1794	3.0770686707E2
1795	3.0787592088E2
1796	3.0827434165E2
1797	3.0838354293E2
1798	3.0847709131E2
1799	3.0877741904E2
1800	3.0894775976E2
1801	3.093732407E2
1802	3.0960129325E2
1803	3.0994736864E2
1804	3.102416464E2
1805	3.1070090754E2
1806	3.1092966489E2
1807	3.1118987286E2
1808	3.1184828239E2
1809	3.1256273584E2
1810	3.1268960711E2
1811	3.133555693E2
1812	3.1363879451E2
1813	3.1386340238E2
1814	3.1408785835E2
1815	3.1441934059E2
1816	3.1491582929E2
1817	3.1516290017E2
1818	3.1544524335E2
1819	3.155683092E2
1820	3.1570673895E2
1821	3.1590191237E2
1822	3.161692026E2
1823	3.1667274407E2
1824	3.1711041382E2
1825	3.1704892294E2
1826	3.1726894997E2
1827	3.1792684012E2
1828	3.1793908887E2
1829	3.1819269535E2
1830	3.1836287808E2
1831	3.1904909028E2
1832	3.1930250553E2
1833	3.1955339402E2
1834	3.2016916943E2
1835	3.2060931515E2
1836	3.2083404772E2
1837	3.2104465586E2
1838	3.210324118E2
1839	3.2129834211E2
1840	3.2167117038E2
1841	3.2232867757E2
1842	3.2259244002E2
1843	3.2280023696E2
1844	3.2345543533E2
1845	3.2354405492E2
1846	3.2390943934E2
1847	3.2422724064E2
1848	3.2448991411E2
1849	3.2477698909E2
1850	3.2491598827E2
1851	3.2535287156E2
1852	3.2560068248E2
1853	3.257508525E2
1854	3.2623309411E2
1855	3.2667337189E2
1856	3.2645569479E2
1857	3.2668612167E2
1858	3.2702231979E2
1859	3.2727071632E2
1860	3.2776468986E2
1861	3.2815671374E2
1862	3.2889235701E2
1863	3.2938880606E2
1864	3.2950130863E2
1865	3.2962827958E2
1866	3.2987281261E2
1867	3.3043676272E2
1868	3.3081535395E2
1869	3.3116698562E2
1870	3.3130937558E2
1871	3.3180007046E2
1872	3.3220328109E2
1873	3.3262327377E2
1874	3.3292549342E2
1875	3.3323429233E2
1876	3.3332906583E2
1877	3.3364377872E2
1878	3.3370041117E2
1879	3.3397696526E2
1880	3.3429626042E2
1881	3.3472050159E2
1882	3.350368623E2
1883	3.3512785776E2
1884	3.3507543559E2
1885	3.3547323746E2
1886	3.35666567E2
1887	3.3594893131E2
1888	3.3622361894E2
1889	3.3645965592E2
1890	3.3687221568E2
1891	3.3722236875E2
1892	3.3758449232E2
1893	3.3761456855E2
1894	3.3787296987E2
1895	3.3814312794E2
1896	3.384227344E2
1897	3.3902020812E2
1898	3.3949173722E2
1899	3.3968433346E2
1900	3.3989240835E2
1901	3.4009558885E2
1902	3.4057824967E2
1903	3.4108249948E2
1904	3.4157243949E2
1905	3.4165948088E2
1906	3.4248145072E2
1907	3.4243588159E2
1908	3.4302681174E2
1909	3.4380180799E2
1910	3.4359462071E2
1911	3.4376718516E2
1912	3.4405334818E2
1913	3.4420755052E2
1914	3.4457328674E2
1915	3.4487304E2
1916	3.4491779738E2
1917	3.4559758998E2
1918	3.4602216119E2
1919	3.4627930351E2
1920	3.4652143428E2
1921	3.4648921169E2
1922	3.4682283514E2
1923	3.4715862614E2
1924	3.4738530235E2
1925	3.4799880323E2
1926	3.4862914853E2
1927	3.4879203447E2
1928	3.4908495229E2
1929	3.4964906339E2
1930	3.5014885262E2
1931	3.5043477572E2
1932	3.5099954486E2
1933	3.512687112E2
1934	3.5166735216E2
1935	3.5210741396E2
1936	3.5253731796E2
1937	3.5286831855E2
1938	3.5292523911E2
1939	3.5343284674E2
1940	3.5397735708E2
1941	3.5438560844E2
1942	3.5468621204E2
1943	3.5491533105E2
1944	3.5530107703E2
1945	3.5572063283E2
1946	3.5580365618E2
1947	3.5646374135E2
1948	3.5648691799E2
1949	3.5656151282E2
1950	3.5696411988E2
1951	3.5722708646E2
1952	3.5748724385E2
1953	3.5764460005E2
1954	3.5797540955E2
1955	3.5816019552E2
1956	3.5872729775E2
1957	3.5890991835E2
1958	3.5931733853E2
1959	3.594839278E2
1960	3.5992645588E2
1961	3.6030697919E2
1962	3.6034382144E2
1963	3.6089493007E2
1964	3.612132868E2
1965	3.6163444185E2
1966	3.617882157E2
1967	3.62332584E2
1968	3.6279052E2
1969	3.6327193485E2
1970	3.6366541761E2
1971	3.6401908228E2
1972	3.6405896095E2
1973	3.6485357778E2
1974	3.6533755813E2
1975	3.6520204609E2
1976	3.6555134112E2
1977	3.6581927976E2
1978	3.6636936621E2
1979	3.6682824069E2
1980	3.670520498E2
1981	3.6744011819E2
1982	3.6784692931E2
1983	3.6843212304E2
1984	3.6891041728E2
1985	3.6927882333E2
1986	3.6955214376E2
1987	3.6972658155E2
1988	3.6986542525E2
1989	3.7073540791E2
1990	3.711079978E2
1991	3.7147472876E2
1992	3.7183338862E2
1993	3.7227345812E2
1994	3.7245427138E2
1995	3.7274277998E2
1996	3.7247168514E2
1997	3.7256900381E2
1998	3.7266552231E2
1999	3.7253717806E2
2000	3.7272941806E2
2001	3.7315900136E2
2002	3.7367920844E2
2003	3.7395683219E2
2004	3.7408604384E2
2005	3.7398927827E2
2006	3.7458815681E2
2007	3.7497943605E2
2008	3.7508058452E2
2009	3.7554156804E2
2010	3.7593232294E2
2011	3.7630918134E2
2012	3.763076015E2
2013	3.7671517445E2
2014	3.7708025319E2
2015	3.7704263711E2
2016	3.7694454883E2
2017	3.7742811325E2
2018	3.7772424539E2
2019	3.7815941941E2
2020	3.7885425769E2
2021	3.7888134239E2
2022	3.7926409568E2
2023	3.7957769796E2
2024	3.7980693011E2
2025	3.7996769503E2
2026	3.7994225593E2
2027	3.8022229553E2
2028	3.805803395E2
2029	3.8116758674E2
2030	3.81798339E2
2031	3.8236457312E2
2032	3.8280470488E2
2033	3.8321195104E2
2034	3.8349477245E2
2035	3.837990789E2
2036	3.8409188335E2
2037	3.8443914986E2
2038	3.8484284926E2
2039	3.8504627665E2
2040	3.8518614986E2
2041	3.8574037803E2
2042	3.8628722019E2
2043	3.8676150113E2
2044	3.8702138663E2
2045	3.8740815335E2
2046	3.8784529521E2
2047	3.8828191008E2
2048	3.8892834579E2
2049	3.8957041934E2
2050	3.9011623894E2
2051	3.9056615676E2
2052	3.9104458883E2
2053	3.9123772507E2
2054	3.9147503416E2
2055	3.917597142E2
2056	3.9196957931E2
2057	3.9221584673E2
2058	3.9266378585E2
2059	3.9300153311E2
2060	3.9336397686E2
2061	3.9395175995E2
2062	3.9453262147E2
2063	3.9498608516E2
2064	3.9543501773E2
2065	3.9600142684E2
2066	3.9644148879E2
2067	3.968426868E2
2068	3.9732390644E2
2069	3.9772050648E2
2070	3.9810329548E2
2071	3.9842992864E2
2072	3.9875160846E2
2073	3.989812697E2
2074	3.9964074841E2
2075	3.9984439496E2
2076	4.0028408801E2
2077	4.0047589354E2
2078	4.0074377028E2
2079	4.0098661931E2
2080	4.0145812051E2
2081	4.0194351305E2
2082	4.0229304587E2
2083	4.0274759167E2
2084	4.0303805386E2
2085	4.0345807744E2
2086	4.0391984378E2
2087	4.0414859734E2
2088	4.0483031168E2
2089	4.0507206954E2
2090	4.0545750119E2
2091	4.0605773904E2
2092	4.0628574526E2
2093	4.0661041152E2
2094	4.074020002E2
2095	4.0769966426E2
2096	4.0792028291E2
2097	4.0842787699E2
2098	4.0878195502E2
2099	4.0896670579E2
2100	4.0920269677E2
2101	4.09681326E2
2102	4.1001951714E2
2103	4.1031149877E2
2104	4.105631689E2
2105	4.1085898227E2
2106	4.110839673E2
2107	4.1136159183E2
2108	4.1157011361E2
2109	4.1219984496E2
2110	4.1258744798E2
2111	4.1306051483E2
2112	4.1353998531E2
2113	4.1381254426E2
2114	4.1443659893E2
2115	4.1469989831E2
2116	4.1531051031E2
2117	4.156193391E2
2118	4.1645607173E2
2119	4.1655796865E2
2120	4.1674287873E2
2121	4.1695992801E2
2122	4.1698420341E2
2123	4.1737899344E2
2124	4.1744307999E2
2125	4.1774992433E2
2126	4.1813469986E2
2127	4.1845577942E2
2128	4.1887216908E2
2129	4.1938647898E2
2130	4.1970502565E2
2131	4.203333422E2
2132	4.2077292248E2
2133	4.2109932277E2
2134	4.2178971319E2
2135	4.2198450027E2
2136	4.2241400589E2
2137	4.2280830789E2
2138	4.2303547094E2
2139	4.233833593E2
2140	4.2379223987E2
2141	4.2422966118E2
2142	4.2468904289E2
2143	4.253562581E2
2144	4.2556079806E2
2145	4.2587172462E2
2146	4.2604328256E2
2147	4.2616680862E2
2148	4.2631967002E2
2149	4.2694688241E2
2150	4.2741805892E2
2151	4.281447501E2
2152	4.2841013578E2
2153	4.288509911E2
2154	4.2909616833E2
2155	4.289194243E2
2156	4.2908485373E2
2157	4.2950669301E2
2158	4.2999453875E2
2159	4.3059568281E2
2160	4.3092388208E2
2161	4.3143506274E2
2162	4.3188302499E2
2163	4.3189532722E2
2164	4.3226668455E2
2165	4.3266263386E2
2166	4.3294489341E2
2167	4.3320056671E2
2168	4.3361231689E2
2169	4.340127209E2
2170	4.342508608E2
2171	4.3452787261E2
2172	4.3503315576E2
2173	4.3521611425E2
2174	4.3553202329E2
2175	4.3593144839E2
2176	4.3619447007E2
2177	4.3639088265E2
2178	4.3729101209E2
2179	4.376343978E2
2180	4.3784804092E2
2181	4.3832980749E2
2182	4.3840546633E2
2183	4.3877602687E2
2184	4.3903030408E2
2185	4.3925640054E2
2186	4.3979022225E2
2187	4.403175218E2
2188	4.4086541838E2
2189	4.414297708E2
2190	4.4139131056E2
2191	4.4214813194E2
2192	4.4291038934E2
2193	4.4295815748E2
2194	4.4326403491E2
2195	4.4386405136E2
2196	4.4406112267E2
2197	4.4451226612E2
2198	4.4517478088E2
2199	4.4570107822E2
2200	4.4603895042E2
2201	4.4661400728E2
2202	4.4715690169E2
2203	4.4738889601E2
2204	4.4799415311E2
2205	4.4872183615E2
2206	4.4902213491E2
2207	4.4954278564E2
2208	4.4980931776E2
2209	4.5031098638E2
2210	4.5091988546E2
2211	4.5157554116E2
2212	4.521882682E2
2213	4.52882889E2
2214	4.530114726E2
2215	4.5311781262E2
2216	4.5345132806E2
2217	4.5363220485E2
2218	4.5402733019E2
2219	4.5442225252E2
2220	4.5477277657E2
2221	4.5546331069E2
2222	4.5569059308E2
2223	4.5611180617E2
2224	4.5648320871E2
2225	4.5682802886E2
2226	4.5729654641E2
2227	4.5755072596E2
2228	4.5826654929E2
2229	4.5865985963E2
2230	4.5904111548E2
2231	4.5977617021E2
2232	4.6028190038E2
2233	4.6026421366E2
2234	4.6051244143E2
2235	4.6110581636E2
2236	4.6140395242E2
2237	4.6158990302E2
2238	4.6174868906E2
2239	4.6191753603E2
2240	4.6237829745E2
2241	4.625970585E2
2242	4.6254751967E2
2243	4.6335379046E2
2244	4.637543229E2
2245	4.6450613368E2
2246	4.6502132177E2
2247	4.6551168829E2
2248	4.6601922809E2
2249	4.6614531972E2
2250	4.6647488307E2
2251	4.6686150872E2
2252	4.6734232646E2
2253	4.6793513237E2
2254	4.6845728919E2
2255	4.6857634201E2
2256	4.6903116008E2
2257	4.6925910944E2
2258	4.6966281473E2
2259	4.7014829669E2
2260	4.7052103699E2
2261	4.7093357588E2
2262	4.7134723009E2
2263	4.7176366937E2
2264	4.7209792632E2
2265	4.7259986999E2
2266	4.7292328767E2
2267	4.7343449348E2
2268	4.7380182999E2
2269	4.7408802779E2
2270	4.7437583954E2
2271	4.7488039184E2
2272	4.753143761E2
2273	4.7554414017E2
2274	4.7628368551E2
2275	4.7663520959E2
2276	4.7671927809E2
2277	4.771534437E2
2278	4.7736050443E2
2279	4.774540792E2
2280	4.7767854525E2
2281	4.7805186956E2
2282	4.785636503E2
2283	4.7923997357E2
2284	4.794590691E2
2285	4.8010647919E2
2286	4.8034653371E2
2287	4.8086312567E2
2288	4.8151833518E2
2289	4.8174832637E2
2290	4.8226652502E2
2291	4.8250367266E2
2292	4.8317644301E2
2293	4.8382536016E2
2294	4.8408726551E2
2295	4.8446790164E2
2296	4.8467535005E2
2297	4.8507915038E2
2298	4.857924156E2
2299	4.8625220373E2
2300	4.8657048644E2
2301	4.8663652442E2
2302	4.870153317E2
2303	4.8735162444E2
2304	4.8777893962E2
2305	4.879580963E2
2306	4.8866171147E2
2307	4.8947649323E2
2308	4.8991021697E2
2309	4.9021741181E2
2310	4.9076836529E2
2311	4.9142332837E2
2312	4.9189471662E2
2313	4.9215476852E2
2314	4.9223457906E2
2315	4.926231913E2
2316	4.9297171765E2
2317	4.9340873263E2
2318	4.935329467E2
2319	4.9380860735E2
2320	4.9423235657E2
2321	4.940804702E2
2322	4.9415932633E2
2323	4.9444896545E2
2324	4.9450713982E2
2325	4.9474814126E2
2326	4.949836738E2
2327	4.9564565637E2
2328	4.9620469606E2
2329	4.9661954948E2
2330	4.9697856023E2
2331	4.9766402514E2
2332	4.9799986465E2
2333	4.984533777E2
2334	4.9890619336E2
2335	4.9920006569E2
2336	4.9989524497E2
2337	4.9982737629E2
2338	5.0023645626E2
2339	5.0043788709E2
2340	5.0083737949E2
2341	5.0139043534E2
2342	5.0170248086E2
2343	5.0192208817E2
2344	5.0238803268E2
2345	5.0271463501E2
2346	5.0347571562E2
2347	5.0372387105E2
2348	5.0420069085E2
2349	5.046251062E2
2350	5.0522936217E2
2351	5.0535009344E2
2352	5.0565180061E2
2353	5.0620592666E2
2354	5.0650157534E2
2355	5.0693824921E2
2356	5.0721397565E2
2357	5.0725365881E2
2358	5.0755177394E2
2359	5.0787263592E2
2360	5.0794327647E2
2361	5.0832575707E2
2362	5.0869944824E2
2363	5.0920395841E2
2364	5.0962459529E2
2365	5.1004608231E2
2366	5.1043063564E2
2367	5.1067556826E2
2368	5.1104503989E2
2369	5.1111110573E2
2370	5.1157574743E2
2371	5.1221618632E2
2372	5.1257558428E2
2373	5.1323049059E2
2374	5.1371757556E2
2375	5.1415210663E2
2376	5.1431450512E2
2377	5.1480732274E2
2378	5.1490381671E2
2379	5.1502517064E2
2380	5.1550753388E2
2381	5.1545136981E2
2382	5.1591402752E2
2383	5.1605654268E2
2384	5.165655223E2
2385	5.1698101015E2
2386	5.1731237635E2
2387	5.1772291737E2
2388	5.1817456649E2
2389	5.184893054E2
2390	5.189942862E2
2391	5.1943640279E2
2392	5.1963843048E2
2393	5.2007520121E2
2394	5.2028673156E2
2395	5.2077493486E2
2396	5.2088628172E2
2397	5.2129148351E2
2398	5.2132568046E2
2399	5.2188107778E2
2400	5.2227091286E2
2401	5.227817991E2
2402	5.2322188379E2
2403	5.2359817353E2
2404	5.2393864986E2
2405	5.2434201456E2
2406	5.2462020517E2
2407	5.2491247414E2
2408	5.2508236921E2
2409	5.2523059595E2
2410	5.2557094266E2
2411	5.2590569267E2
2412	5.2628676504E2
2413	5.2672091662E2
2414	5.270617371E2
2415	5.2767239984E2
2416	5.2824402638E2
2417	5.2871703185E2
2418	5.2896389028E2
2419	5.2937055815E2
2420	5.2954667586E2
2421	5.3033665488E2
2422	5.308686143E2
2423	5.3125802525E2
2424	5.3169772431E2
2425	5.3224674602E2
2426	5.3244980194E2
2427	5.3300716883E2
2428	5.3341039921E2
2429	5.3362665802E2
2430	5.3413534668E2
2431	5.345512053E2
2432	5.3516904327E2
2433	5.3511429836E2
2434	5.3535584016E2
2435	5.3571354843E2
2436	5.3599652612E2
2437	5.36423663E2
2438	5.3686411481E2
2439	5.3733965101E2
2440	5.3765569015E2
2441	5.3825904685E2
2442	5.3858269203E2
2443	5.3886543976E2
2444	5.3942597855E2
2445	5.3938983382E2
2446	5.4005585579E2
2447	5.4088163951E2
2448	5.4116381244E2
2449	5.4111223231E2
2450	5.4144166093E2
2451	5.4165776306E2
2452	5.4191034018E2
2453	5.4253423084E2
2454	5.4276208772E2
2455	5.4320366919E2
2456	5.4336454856E2
2457	5.437041624E2
2458	5.4405237271E2
2459	5.4424817931E2
2460	5.440689364E2
2461	5.4446776244E2
2462	5.4500432833E2
2463	5.4524029413E2
2464	5.4539553312E2
2465	5.4557078794E2
2466	5.459959061E2
2467	5.4668960172E2
2468	5.4677929504E2
2469	5.4731742007E2
2470	5.4789218238E2
2471	5.4781364324E2
2472	5.4842509975E2
2473	5.4906718201E2
2474	5.4933672528E2
2475	5.4975601616E2
2476	5.5021423736E2
2477	5.5049369944E2
2478	5.5081590054E2
2479	5.5125679369E2
2480	5.5129793423E2
2481	5.5141805008E2
2482	5.5202533028E2
2483	5.5246242966E2
2484	5.5303888935E2
2485	5.5357762825E2
2486	5.5409070285E2
2487	5.5447890267E2
2488	5.5480719672E2
2489	5.5520947692E2
2490	5.5557403574E2
2491	5.5597991686E2
2492	5.563742432E2
2493	5.5690236145E2
2494	5.5719727241E2
2495	5.5796279627E2
2496	5.5826643077E2
2497	5.5825122247E2
2498	5.5866228371E2
2499	5.5901762276E2
2500	5.5940189593E2
2501	5.5956635941E2
2502	5.5972986606E2
2503	5.6023230505E2
2504	5.6060724201E2
2505	5.6091538902E2
2506	5.6136786976E2
2507	5.6167100169E2
2508	5.6229716993E2
2509	5.6270910749E2
2510	5.6317684179E2
2511	5.6396610024E2
2512	5.6443588808E2
2513	5.6482087672E2
2514	5.648707389E2
2515	5.6550446562E2
2516	5.6566177573E2
2517	5.6596318859E2
2518	5.6639681714E2
2519	5.6663177972E2
2520	5.6675685029E2
2521	5.6710567575E2
2522	5.6751247191E2
2523	5.6814641373E2
2524	5.6864178448E2
2525	5.6906918809E2
2526	5.6926082454E2
2527	5.6998867026E2
2528	5.7039118102E2
2529	5.7087005786E2
2530	5.7094525522E2
2531	5.7137621586E2
2532	5.7180095164E2
2533	5.7213224799E2
2534	5.7256560053E2
2535	5.7290730175E2
2536	5.7313799392E2
2537	5.7413744501E2
2538	5.7436872639E2
2539	5.7472236211E2
2540	5.7495973516E2
2541	5.7551699229E2
2542	5.7579036215E2
2543	5.7607799555E2
2544	5.7653511135E2
2545	5.7693373626E2
2546	5.7736157974E2
2547	5.7780033179E2
2548	5.7774815046E2
2549	5.7779129468E2
2550	5.7832462034E2
2551	5.7876008198E2
2552	5.7906834849E2
2553	5.797079623E2
2554	5.8009131808E2
2555	5.801209455E2
2556	5.8077154925E2
2557	5.809518925E2
2558	5.8114810024E2
2559	5.8164421307E2
2560	5.8202420577E2
2561	5.8233617179E2
2562	5.830368589E2
2563	5.8352050015E2
2564	5.8393836247E2
2565	5.8425035756E2
2566	5.8487331798E2
2567	5.8507899919E2
2568	5.8551611858E2
2569	5.8582025102E2
2570	5.8637266474E2
2571	5.865671755E2
2572	5.867457763E2
2573	5.8705078292E2
2574	5.8752442707E2
2575	5.8800067978E2
2576	5.8841927515E2
2577	5.8865084191E2
2578	5.8869650674E2
2579	5.891325718E2
2580	5.8943787178E2
2581	5.9002991861E2
2582	5.9027187869E2
2583	5.9072512204E2
2584	5.9112324939E2
2585	5.9128478441E2
2586	5.9195219028E2
2587	5.9255993671E2
2588	5.9310440354E2
2589	5.9301679414E2
2590	5.9327890626E2
2591	5.93320242E2
2592	5.933428029E2
2593	5.9359241073E2
2594	5.93993698E2
2595	5.9426290856E2
2596	5.9419010153E2
2597	5.9468764954E2
2598	5.9504195553E2
2599	5.9528022433E2
2600	5.9562816998E2
2601	5.9596019601E2
2602	5.9620515836E2
2603	5.9680745551E2
2604	5.9698683856E2
2605	5.970352526E2
2606	5.9730699788E2
