0	6.960180871E-3	6.960180871E-3
1	7.9076664185E-3	7.8924181622E-3
2	8.7747602648E-3	8.7594663385E-3
3	9.25200127E-3	9.2376772641E-3
4	9.4877087438E-3	9.4726131822E-3
5	9.6616050494E-3	9.6474254482E-3
6	9.8058763119E-3	9.7914663364E-3
7	9.9159335741E-3	9.8998451874E-3
8	1.0005961292E-2	9.9914849178E-3
9	1.0086177657E-2	1.0072785395E-2
10	1.0170704331E-2	1.0158534886E-2
11	1.0264641831E-2	1.0253116866E-2
12	1.0349844106E-2	1.0339628742E-2
13	1.0411756756E-2	1.0401279752E-2
14	1.0484435348E-2	1.04742033E-2
15	1.0555164547E-2	1.0545743708E-2
16	1.0619312174E-2	1.0609072269E-2
17	1.0674792684E-2	1.0665291204E-2
18	1.0734753456E-2	1.0726669706E-2
19	1.0791650518E-2	1.0783185846E-2
20	1.0846732721E-2	1.0838338072E-2
21	1.090341338E-2	1.0895283047E-2
22	1.0942237077E-2	1.0934434635E-2
23	1.0997345628E-2	1.0989623339E-2
24	1.1039749919E-2	1.1031257584E-2
25	1.1084512203E-2	1.1075887216E-2
26	1.1140041596E-2	1.113022047E-2
27	1.1194133828E-2	1.1182872991E-2
28	1.1239802128E-2	1.1228872541E-2
29	1.1284140731E-2	1.1273202689E-2
30	1.132602983E-2	1.1314416E-2
31	1.1371872432E-2	1.1360650172E-2
32	1.1416133279E-2	1.1406031235E-2
33	1.1465563072E-2	1.1456413561E-2
34	1.1506692808E-2	1.1497222011E-2
35	1.1557368723E-2	1.1547623951E-2
36	1.1591910561E-2	1.1584017173E-2
37	1.1636138083E-2	1.1629621317E-2
38	1.1682711994E-2	1.1676820874E-2
39	1.1717320124E-2	1.1712070826E-2
40	1.1758390745E-2	1.1754126557E-2
41	1.1795834997E-2	1.1793098727E-2
42	1.1833933195E-2	1.1832292317E-2
43	1.187870455E-2	1.1877588117E-2
44	1.1914623148E-2	1.1914129696E-2
45	1.1960595157E-2	1.1959245652E-2
46	1.1990605313E-2	1.1990497738E-2
47	1.2035998763E-2	1.2036292956E-2
48	1.2077093119E-2	1.2077315421E-2
49	1.2122993206E-2	1.2124047372E-2
50	1.2165466528E-2	1.2165792318E-2
51	1.2207519394E-2	1.2208358405E-2
52	1.2246496681E-2	1.2247135773E-2
53	1.2289839583E-2	1.2289533683E-2
54	1.2330683478E-2	1.2330953751E-2
55	1.2380350349E-2	1.2377727534E-2
56	1.2416411712E-2	1.2414530171E-2
57	1.2468702902E-2	1.2466507905E-2
58	1.2508729973E-2	1.2506894525E-2
59	1.2544462536E-2	1.2541357434E-2
60	1.2572526576E-2	1.256898149E-2
61	1.2608265716E-2	1.2605260577E-2
62	1.2644250873E-2	1.2641721916E-2
63	1.2689430499E-2	1.2685953668E-2
64	1.2732564405E-2	1.2727834486E-2
65	1.2766052562E-2	1.2760964952E-2
66	1.2803634523E-2	1.2797216852E-2
67	1.2847517475E-2	1.284183006E-2
68	1.2879549895E-2	1.2873567868E-2
69	1.2917259361E-2	1.2910981772E-2
70	1.294910321E-2	1.2941135935E-2
71	1.2988896239E-2	1.2981511557E-2
72	1.3023601449E-2	1.3015822127E-2
73	1.3056606719E-2	1.3050202807E-2
74	1.3095927395E-2	1.3088558426E-2
75	1.3139401701E-2	1.3131059951E-2
76	1.3173393976E-2	1.3165276296E-2
77	1.3206959061E-2	1.3198250224E-2
78	1.3236831069E-2	1.3227205177E-2
79	1.327122804E-2	1.3261312624E-2
80	1.3310629955E-2	1.3299381429E-2
81	1.3348977252E-2	1.3337054802E-2
82	1.3387776491E-2	1.3373999836E-2
83	1.3433542606E-2	1.3418615812E-2
84	1.3463265975E-2	1.344887155E-2
85	1.3500727251E-2	1.348474106E-2
86	1.3537790931E-2	1.3521567755E-2
87	1.3579086935E-2	1.3561894153E-2
88	1.3614970537E-2	1.3597122447E-2
89	1.3650055948E-2	1.3631467996E-2
90	1.3680855391E-2	1.3663630775E-2
91	1.3722000362E-2	1.3704410843E-2
92	1.3753324135E-2	1.3734364869E-2
93	1.3790454432E-2	1.3771294088E-2
94	1.3823120856E-2	1.3804768866E-2
95	1.3858074559E-2	1.3840697097E-2
96	1.3896795453E-2	1.3879828172E-2
97	1.3933122669E-2	1.3914318857E-2
98	1.3968958459E-2	1.3949667923E-2
99	1.4008141865E-2	1.3988571462E-2
100	1.4043946092E-2	1.4025895265E-2
101	1.4087687746E-2	1.4070860064E-2
102	1.4127231506E-2	1.4109724271E-2
103	1.4162647526E-2	1.414524234E-2
104	1.4198693155E-2	1.4180271204E-2
105	1.4233301437E-2	1.4214923061E-2
106	1.4266985929E-2	1.4249895846E-2
107	1.4304081105E-2	1.4286701642E-2
108	1.4340589294E-2	1.4322296656E-2
109	1.4374571656E-2	1.4355899113E-2
110	1.4405993411E-2	1.4387801179E-2
111	1.4444291058E-2	1.4426478441E-2
112	1.4482023718E-2	1.4463827384E-2
113	1.4524926784E-2	1.4505223241E-2
114	1.4566030883E-2	1.4546143852E-2
115	1.4601658732E-2	1.4581701171E-2
116	1.4645119494E-2	1.462594395E-2
117	1.4685629634E-2	1.4666558948E-2
118	1.4718940741E-2	1.4701096599E-2
119	1.4756761282E-2	1.4740017919E-2
120	1.4795722989E-2	1.4781140342E-2
121	1.4833119645E-2	1.4819499333E-2
122	1.486523962E-2	1.4852007191E-2
123	1.4906803636E-2	1.4893643968E-2
124	1.4938137562E-2	1.4924910504E-2
125	1.4974275236E-2	1.4962466293E-2
126	1.5011795427E-2	1.50003248E-2
127	1.5053110357E-2	1.5041771736E-2
128	1.5087788668E-2	1.5079527243E-2
129	1.5124484747E-2	1.5115967326E-2
130	1.5158779927E-2	1.5149814955E-2
131	1.5201306266E-2	1.5192255983E-2
132	1.5245638363E-2	1.5236756204E-2
133	1.5284758777E-2	1.5276950735E-2
134	1.5315474212E-2	1.530909292E-2
135	1.5360765909E-2	1.5353540145E-2
136	1.5399982762E-2	1.5394223292E-2
137	1.5435963917E-2	1.5430159331E-2
138	1.5477170434E-2	1.5471552215E-2
139	1.5519331963E-2	1.5513293103E-2
140	1.5560923898E-2	1.5555315011E-2
141	1.5592777523E-2	1.5587685524E-2
142	1.5626967838E-2	1.5623366888E-2
143	1.567217864E-2	1.566908093E-2
144	1.5713987744E-2	1.5709967469E-2
145	1.5749392128E-2	1.574612288E-2
146	1.5773639624E-2	1.5769277521E-2
147	1.5809058545E-2	1.5805857442E-2
148	1.5856162991E-2	1.5853730116E-2
149	1.5888207778E-2	1.5885361998E-2
150	1.5928888932E-2	1.5925484607E-2
151	1.5962990426E-2	1.5959570498E-2
152	1.5995456251E-2	1.5991307058E-2
153	1.60338503E-2	1.6028391896E-2
154	1.6067105977E-2	1.6060347266E-2
155	1.6104312317E-2	1.6096621102E-2
156	1.6138497739E-2	1.6130047322E-2
157	1.6171481828E-2	1.6162913791E-2
158	1.6213383397E-2	1.6206329702E-2
159	1.6247303332E-2	1.6238263834E-2
160	1.6285921599E-2	1.6275854271E-2
161	1.6316137246E-2	1.63062384E-2
162	1.6350343293E-2	1.6341724514E-2
163	1.6386034999E-2	1.6377219556E-2
164	1.6415877302E-2	1.6406845406E-2
165	1.6451693667E-2	1.6441969669E-2
166	1.6486819005E-2	1.6477398255E-2
167	1.6525255477E-2	1.6515212711E-2
168	1.6562774321E-2	1.6552139604E-2
169	1.6595848598E-2	1.658521361E-2
170	1.662931408E-2	1.6620026132E-2
171	1.6666689694E-2	1.6658603899E-2
172	1.6708024158E-2	1.6701819123E-2
173	1.6742518247E-2	1.6735352619E-2
174	1.677873988E-2	1.6772042952E-2
175	1.6822354635E-2	1.6815152384E-2
176	1.6857395288E-2	1.6850736423E-2
177	1.68956633E-2	1.6889168619E-2
178	1.6931141725E-2	1.6924994689E-2
179	1.6968509162E-2	1.6962058591E-2
180	1.701732192E-2	1.7011685342E-2
181	1.7050949002E-2	1.7043265534E-2
182	1.7077395206E-2	1.706958764E-2
183	1.7115369176E-2	1.7106321882E-2
184	1.7153276791E-2	1.7145286451E-2
185	1.7180818472E-2	1.7171832632E-2
186	1.7220672757E-2	1.7211512068E-2
187	1.726846191E-2	1.7258876733E-2
188	1.7298576151E-2	1.7290159262E-2
189	1.7334845433E-2	1.7328331777E-2
190	1.7372097143E-2	1.7367251387E-2
191	1.7407530489E-2	1.7401548818E-2
192	1.7443058237E-2	1.7438310822E-2
193	1.7488665773E-2	1.7483076129E-2
194	1.7522577717E-2	1.7515471592E-2
195	1.7563643083E-2	1.7555396689E-2
196	1.7594100671E-2	1.7584604636E-2
197	1.7630369036E-2	1.7621300144E-2
198	1.7668436998E-2	1.765740815E-2
199	1.7708923565E-2	1.7697291893E-2
200	1.7746161783E-2	1.7735014178E-2
201	1.7779185425E-2	1.77684694E-2
202	1.7812146793E-2	1.7803721512E-2
203	1.7842119349E-2	1.7834971343E-2
204	1.7866925834E-2	1.7858723827E-2
205	1.7901263106E-2	1.7893415636E-2
206	1.794050887E-2	1.793202383E-2
207	1.7976601859E-2	1.7968544883E-2
208	1.8015921682E-2	1.8008075817E-2
209	1.8053981386E-2	1.8047060992E-2
210	1.8088941323E-2	1.8082793956E-2
211	1.811836634E-2	1.8112807893E-2
212	1.8155020704E-2	1.8147741861E-2
213	1.8187594874E-2	1.8182255467E-2
214	1.8218612735E-2	1.8212967728E-2
215	1.8254233511E-2	1.8248770587E-2
216	1.8296060118E-2	1.8289786071E-2
217	1.8321446968E-2	1.8315969861E-2
218	1.8355994135E-2	1.8348807689E-2
219	1.8403232548E-2	1.8396175737E-2
220	1.8441739283E-2	1.8433927836E-2
221	1.8477272835E-2	1.8469022466E-2
222	1.8517376367E-2	1.8509180676E-2
223	1.855582721E-2	1.8548093103E-2
224	1.85908859E-2	1.8584565612E-2
225	1.862575167E-2	1.8622007967E-2
226	1.8664502012E-2	1.8660893673E-2
227	1.870403561E-2	1.8699535765E-2
228	1.8740293814E-2	1.8735904893E-2
229	1.8776459102E-2	1.8771765728E-2
230	1.8808351966E-2	1.8804520998E-2
231	1.8846342469E-2	1.8841867126E-2
232	1.8888709974E-2	1.8884738478E-2
233	1.8921858923E-2	1.8917124103E-2
234	1.8958304132E-2	1.8955224872E-2
235	1.899322845E-2	1.8988076277E-2
236	1.9027361745E-2	1.9023639333E-2
237	1.9064715491E-2	1.906272379E-2
238	1.9101697771E-2	1.9099573793E-2
239	1.9135619829E-2	1.9132266126E-2
240	1.9168610598E-2	1.9165098885E-2
241	1.9206704014E-2	1.9202618324E-2
242	1.9246126514E-2	1.9239882387E-2
243	1.9288908962E-2	1.9282235887E-2
244	1.9329490067E-2	1.9321544261E-2
245	1.9371733666E-2	1.9362547533E-2
246	1.9410159403E-2	1.9401891628E-2
247	1.9443979742E-2	1.9434335706E-2
248	1.9481728225E-2	1.9471116821E-2
249	1.9524505738E-2	1.9512563733E-2
250	1.9557470568E-2	1.9545332288E-2
251	1.9592722903E-2	1.9580757268E-2
252	1.962668472E-2	1.9616102944E-2
253	1.9655163346E-2	1.9643715843E-2
254	1.9691423575E-2	1.9678882893E-2
255	1.9727012137E-2	1.9712487644E-2
256	1.9765216361E-2	1.9750805855E-2
257	1.9810467148E-2	1.9793659022E-2
258	1.9845374024E-2	1.982694467E-2
259	1.9884147868E-2	1.986424686E-2
260	1.9922584137E-2	1.9904162279E-2
261	1.9967995849E-2	1.9949471426E-2
262	2.0000103037E-2	1.9981065169E-2
263	2.0043504303E-2	2.0021996919E-2
264	2.0078661066E-2	2.0055776795E-2
265	2.0114227622E-2	2.0090243124E-2
266	2.0160285216E-2	2.0135238502E-2
267	2.0198090859E-2	2.0172700754E-2
268	2.0232981809E-2	2.0208650258E-2
269	2.0277612654E-2	2.0249782342E-2
270	2.0309215254E-2	2.0281056859E-2
271	2.0348083852E-2	2.031836022E-2
272	2.0380803757E-2	2.0350482071E-2
273	2.0414805859E-2	2.0386064104E-2
274	2.0449282725E-2	2.0421567205E-2
275	2.0475310437E-2	2.0447540798E-2
276	2.0502199087E-2	2.0474527455E-2
277	2.0539312757E-2	2.0512374935E-2
278	2.0573069575E-2	2.0546738655E-2
279	2.0607979468E-2	2.0581389318E-2
280	2.0652530616E-2	2.0624464748E-2
281	2.0688020164E-2	2.0656417379E-2
282	2.0724474864E-2	2.0692563834E-2
283	2.0761211276E-2	2.072885252E-2
284	2.0798168664E-2	2.0768950791E-2
285	2.0831286591E-2	2.0802612005E-2
286	2.0864279278E-2	2.0834894577E-2
287	2.0909005775E-2	2.0878873969E-2
288	2.0948452046E-2	2.091703756E-2
289	2.0984971569E-2	2.0953987096E-2
290	2.1025432021E-2	2.0991983523E-2
291	2.1068626889E-2	2.1035078374E-2
292	2.1103583726E-2	2.1069635703E-2
293	2.1137488957E-2	2.1103792653E-2
294	2.1170811123E-2	2.1138835436E-2
295	2.1210201802E-2	2.1177367231E-2
296	2.124734441E-2	2.1213078656E-2
297	2.1288499109E-2	2.1253217445E-2
298	2.1333670904E-2	2.1297819031E-2
299	2.1367833742E-2	2.1330129252E-2
300	2.1408955336E-2	2.1371029647E-2
301	2.143959172E-2	2.1401435178E-2
302	2.1484118356E-2	2.1447398061E-2
303	2.152293865E-2	2.1486075184E-2
304	2.1560472619E-2	2.1522784811E-2
305	2.1601220817E-2	2.1563865572E-2
306	2.1645833627E-2	2.1607867275E-2
307	2.1682019601E-2	2.1643964113E-2
308	2.1724492905E-2	2.1686076425E-2
309	2.1762418477E-2	2.1722844025E-2
310	2.1801174528E-2	2.1759902716E-2
311	2.1846223846E-2	2.1803457888E-2
312	2.1873326277E-2	2.1829741949E-2
313	2.1911889724E-2	2.1868784077E-2
314	2.1944641461E-2	2.1902105938E-2
315	2.1976047248E-2	2.1930725911E-2
316	2.2017672655E-2	2.197083942E-2
317	2.2056899616E-2	2.2011345513E-2
318	2.209194472E-2	2.2045908182E-2
319	2.2136821449E-2	2.2088796668E-2
320	2.2174811518E-2	2.2125550728E-2
321	2.2205976456E-2	2.2157461166E-2
322	2.2244309312E-2	2.2194284739E-2
323	2.2284583051E-2	2.223391282E-2
324	2.2320202365E-2	2.2269630807E-2
325	2.2358658247E-2	2.2306389942E-2
326	2.2400570575E-2	2.2348365591E-2
327	2.2436330976E-2	2.2383689169E-2
328	2.2469594379E-2	2.2413813016E-2
329	2.2497321659E-2	2.2440514974E-2
330	2.2534650711E-2	2.2477170238E-2
331	2.2573781261E-2	2.2514494238E-2
332	2.261137361E-2	2.2549313648E-2
333	2.2646339007E-2	2.2582982142E-2
334	2.2686620912E-2	2.2622226083E-2
335	2.2720742813E-2	2.265709923E-2
336	2.2765801997E-2	2.2700759989E-2
337	2.280070896E-2	2.2736502014E-2
338	2.2844272296E-2	2.2780400148E-2
339	2.2877190524E-2	2.2812575448E-2
340	2.2911928316E-2	2.2846694694E-2
341	2.2956456088E-2	2.2890120947E-2
342	2.300073793E-2	2.2935016807E-2
343	2.3036367132E-2	2.2972003564E-2
344	2.3076862989E-2	2.3010856228E-2
345	2.3115247224E-2	2.3048775159E-2
346	2.3157378137E-2	2.3088871622E-2
347	2.3193233327E-2	2.3125260022E-2
348	2.3234531504E-2	2.3165707505E-2
349	2.3268261776E-2	2.319938473E-2
350	2.3312394428E-2	2.3242984765E-2
351	2.335420115E-2	2.3284236317E-2
352	2.3392786664E-2	2.3323331643E-2
353	2.3425430644E-2	2.3355978197E-2
354	2.3459906183E-2	2.3391087484E-2
355	2.3498429488E-2	2.3429455719E-2
356	2.3539554003E-2	2.3470413465E-2
357	2.3579756486E-2	2.351195331E-2
358	2.3616847409E-2	2.3550073219E-2
359	2.365426864E-2	2.3585537838E-2
360	2.3696894605E-2	2.3627843002E-2
361	2.3729853344E-2	2.3661833695E-2
362	2.3762022964E-2	2.369522629E-2
363	2.3793725211E-2	2.3726417771E-2
364	2.3830544156E-2	2.376568305E-2
365	2.3857629697E-2	2.3792197434E-2
366	2.3898051736E-2	2.3832227304E-2
367	2.393828022E-2	2.3872772625E-2
368	2.3976420376E-2	2.391014431E-2
369	2.4017552923E-2	2.3950915341E-2
370	2.4048274504E-2	2.3981926172E-2
371	2.4084517595E-2	2.4018339818E-2
372	2.4119714693E-2	2.4054119655E-2
373	2.4150337547E-2	2.4085540045E-2
374	2.4185311648E-2	2.4121591241E-2
375	2.4213148949E-2	2.4151244116E-2
376	2.4256959991E-2	2.4196648347E-2
377	2.4298369485E-2	2.4239326424E-2
378	2.4331655703E-2	2.4272974136E-2
379	2.4371485378E-2	2.4315003683E-2
380	2.4411930197E-2	2.4358200227E-2
381	2.4456508227E-2	2.4403886135E-2
382	2.4495446412E-2	2.4442163173E-2
383	2.4524974177E-2	2.4473257971E-2
384	2.4569584959E-2	2.4518426019E-2
385	2.4609896537E-2	2.4559725115E-2
386	2.4643636706E-2	2.4593818288E-2
387	2.4684623436E-2	2.4635508636E-2
388	2.4724485655E-2	2.4677536506E-2
389	2.4761533739E-2	2.4712416574E-2
390	2.4792979501E-2	2.4746892366E-2
391	2.4827362362E-2	2.4780739255E-2
392	2.4854584375E-2	2.4807736665E-2
393	2.4898670932E-2	2.4851428261E-2
394	2.4933914766E-2	2.4887911348E-2
395	2.4972682731E-2	2.4927035271E-2
396	2.5013244909E-2	2.4968261173E-2
397	2.5055051979E-2	2.5009795023E-2
398	2.5094533134E-2	2.5050213737E-2
399	2.513586599E-2	2.5093983926E-2
400	2.5174165547E-2	2.5132957969E-2
401	2.5223757875E-2	2.5184300218E-2
402	2.5259323718E-2	2.5219085294E-2
403	2.5302348709E-2	2.5263074522E-2
404	2.5347418098E-2	2.5308583786E-2
405	2.5394550329E-2	2.5357198303E-2
406	2.5432598059E-2	2.5396893042E-2
407	2.5472370705E-2	2.5434884359E-2
408	2.551063217E-2	2.5473472918E-2
409	2.555378643E-2	2.5516832133E-2
410	2.5589299416E-2	2.5553207029E-2
411	2.5630482412E-2	2.5595283074E-2
412	2.5668453014E-2	2.5632181018E-2
413	2.5713756556E-2	2.5676670218E-2
414	2.5758996734E-2	2.5723291867E-2
415	2.5790472366E-2	2.5755443979E-2
416	2.5829885603E-2	2.5793392492E-2
417	2.586681331E-2	2.583012111E-2
418	2.5905370303E-2	2.5867157802E-2
419	2.5951381188E-2	2.5912729093E-2
420	2.5985715406E-2	2.5948043993E-2
421	2.6033520285E-2	2.5994344381E-2
422	2.6070221953E-2	2.6032289254E-2
423	2.6111259465E-2	2.607192284E-2
424	2.6147720635E-2	2.611011327E-2
425	2.6180007243E-2	2.6143332268E-2
426	2.6217540892E-2	2.6177308443E-2
427	2.6253849222E-2	2.6212537337E-2
428	2.6290163951E-2	2.6251289298E-2
429	2.632328348E-2	2.6286678945E-2
430	2.6360623537E-2	2.6324388443E-2
431	2.6400767151E-2	2.6365507192E-2
432	2.6439543374E-2	2.6403657212E-2
433	2.6479280117E-2	2.6445255914E-2
434	2.6512254108E-2	2.6481023223E-2
435	2.654836377E-2	2.6517289464E-2
436	2.6585218913E-2	2.655467381E-2
437	2.6617229668E-2	2.6587398282E-2
438	2.6652400398E-2	2.6623122E-2
439	2.6684561195E-2	2.6655443833E-2
440	2.6716350995E-2	2.6686420837E-2
441	2.6760025837E-2	2.6731243657E-2
442	2.6797861858E-2	2.6768043752E-2
443	2.6831924551E-2	2.6802073536E-2
444	2.6869959703E-2	2.6841278024E-2
445	2.6913684847E-2	2.6884836458E-2
446	2.6955156842E-2	2.692712517E-2
447	2.699803985E-2	2.6968235902E-2
448	2.7042649715E-2	2.7013683482E-2
449	2.7080460025E-2	2.705001179E-2
450	2.7127994861E-2	2.7094898302E-2
451	2.7161690899E-2	2.7129591699E-2
452	2.7203889963E-2	2.7171241235E-2
453	2.7239614482E-2	2.7208305428E-2
454	2.728286351E-2	2.7250402105E-2
455	2.7325983385E-2	2.7293660583E-2
456	2.7367863082E-2	2.7334656348E-2
457	2.740873747E-2	2.7374807008E-2
458	2.7449165539E-2	2.741511006E-2
459	2.748298418E-2	2.7447504714E-2
460	2.7526958077E-2	2.749229188E-2
461	2.7566840803E-2	2.75325328E-2
462	2.7602836333E-2	2.7567970559E-2
463	2.763868344E-2	2.760235012E-2
464	2.767952668E-2	2.7645288804E-2
465	2.7723310024E-2	2.7688120721E-2
466	2.775820154E-2	2.7722056586E-2
467	2.7791347076E-2	2.7755732866E-2
468	2.7837306093E-2	2.780146362E-2
469	2.7876609156E-2	2.7840228275E-2
470	2.7904766379E-2	2.7869156736E-2
471	2.7941233947E-2	2.7905568126E-2
472	2.7976425974E-2	2.7939955767E-2
473	2.8017461092E-2	2.7980140446E-2
474	2.8054878406E-2	2.8017141424E-2
475	2.8098582051E-2	2.8060558075E-2
476	2.8141323656E-2	2.8102938268E-2
477	2.8183735304E-2	2.814582284E-2
478	2.8223825165E-2	2.8185683231E-2
479	2.8255469383E-2	2.8215418571E-2
480	2.8296471625E-2	2.8255160663E-2
481	2.8330543675E-2	2.8286422951E-2
482	2.8371555676E-2	2.8326331264E-2
483	2.8414737306E-2	2.8369322063E-2
484	2.8452217827E-2	2.8406887943E-2
485	2.8498115517E-2	2.8452479397E-2
486	2.8540492801E-2	2.8495579125E-2
487	2.8589414655E-2	2.8543903562E-2
488	2.8632497063E-2	2.8586862062E-2
489	2.8662327716E-2	2.8615639265E-2
490	2.8705941186E-2	2.8659232799E-2
491	2.8755225461E-2	2.8707542316E-2
492	2.8794959686E-2	2.8746390468E-2
493	2.8838655671E-2	2.8792279909E-2
494	2.8886701346E-2	2.8839492313E-2
495	2.8925037698E-2	2.8876589898E-2
496	2.8969941995E-2	2.8922105307E-2
497	2.9011432606E-2	2.8964645002E-2
498	2.904726239E-2	2.899964575E-2
499	2.9089665418E-2	2.9041689739E-2
500	2.9136850129E-2	2.9088400793E-2
501	2.9167653884E-2	2.9120564016E-2
502	2.9206185571E-2	2.9159913202E-2
503	2.9250349035E-2	2.9201981768E-2
504	2.9298008182E-2	2.9250066275E-2
505	2.9338442559E-2	2.9289580306E-2
506	2.9380691588E-2	2.9331405073E-2
507	2.9420964239E-2	2.9369295208E-2
508	2.9470417743E-2	2.9418647821E-2
509	2.9510974916E-2	2.946037272E-2
510	2.9558949933E-2	2.9507239598E-2
511	2.960054165E-2	2.9548881908E-2
512	2.9648405463E-2	2.9596167977E-2
513	2.9686543066E-2	2.9634357123E-2
514	2.9724250818E-2	2.9670777848E-2
515	2.9776110715E-2	2.9721680338E-2
516	2.9820325903E-2	2.9766129413E-2
517	2.9859019902E-2	2.9804952626E-2
518	2.9903346149E-2	2.984932521E-2
519	2.9946021371E-2	2.9891636314E-2
520	2.9992256568E-2	2.9937828956E-2
521	3.0026654912E-2	2.9972698224E-2
522	3.0073732135E-2	3.0021079576E-2
523	3.0118776925E-2	3.006726468E-2
524	3.0158119858E-2	3.0107200664E-2
525	3.0198401392E-2	3.0147819261E-2
526	3.0235122707E-2	3.0183359976E-2
527	3.0272668136E-2	3.0221131029E-2
528	3.032200381E-2	3.0270772586E-2
529	3.0360734185E-2	3.0309749217E-2
530	3.0395399302E-2	3.0344572164E-2
531	3.0436337408E-2	3.0385737546E-2
532	3.047865673E-2	3.0428126121E-2
533	3.0523781925E-2	3.0472831439E-2
534	3.0562358407E-2	3.0511184556E-2
535	3.0598776979E-2	3.0546839781E-2
536	3.0642811545E-2	3.0592225067E-2
537	3.0682212928E-2	3.0631560537E-2
538	3.072173292E-2	3.0670430426E-2
539	3.0760584062E-2	3.0709341809E-2
540	3.0798791793E-2	3.0748911737E-2
541	3.0833889742E-2	3.0782236028E-2
542	3.087424654E-2	3.0822366105E-2
543	3.0908791888E-2	3.0857018352E-2
544	3.0944855445E-2	3.0892909576E-2
545	3.0989776421E-2	3.093735443E-2
546	3.1029761579E-2	3.0976727783E-2
547	3.1064147755E-2	3.1010866957E-2
548	3.110745044E-2	3.1053142609E-2
549	3.1143278195E-2	3.1088753529E-2
550	3.1183141465E-2	3.1128320245E-2
551	3.1220293147E-2	3.1164871252E-2
552	3.1260308739E-2	3.1205209897E-2
553	3.1298447401E-2	3.1242679423E-2
554	3.1336527798E-2	3.1281445902E-2
555	3.1379969467E-2	3.1325193661E-2
556	3.1416752698E-2	3.1362307191E-2
557	3.1455790653E-2	3.140159212E-2
558	3.1503568004E-2	3.144934691E-2
559	3.1547064999E-2	3.1491588495E-2
560	3.1584903654E-2	3.1528427997E-2
561	3.1628260684E-2	3.1569929356E-2
562	3.1673917254E-2	3.1614754081E-2
563	3.1720458834E-2	3.1661235448E-2
564	3.1769165791E-2	3.1708880724E-2
565	3.1808412788E-2	3.1748671709E-2
566	3.1856697386E-2	3.1796667735E-2
567	3.1908082276E-2	3.1847736768E-2
568	3.195314279E-2	3.1892381053E-2
569	3.1991921267E-2	3.1931117852E-2
570	3.2030482604E-2	3.1968192291E-2
571	3.2069592393E-2	3.2007307296E-2
572	3.2117573258E-2	3.2054778406E-2
573	3.2153810842E-2	3.2091138016E-2
574	3.2192007494E-2	3.2128730085E-2
575	3.2233198378E-2	3.216844729E-2
576	3.2266814338E-2	3.2201402409E-2
577	3.2302172415E-2	3.2237135371E-2
578	3.2334027251E-2	3.2268855063E-2
579	3.2376365357E-2	3.2311901987E-2
580	3.241579947E-2	3.2350000987E-2
581	3.2458961188E-2	3.2393920707E-2
582	3.2506887597E-2	3.2441285702E-2
583	3.2555389663E-2	3.2489686816E-2
584	3.2601936718E-2	3.2535648597E-2
585	3.2644897574E-2	3.2577923922E-2
586	3.2686330408E-2	3.2618805977E-2
587	3.2729724184E-2	3.2662124939E-2
588	3.2776183411E-2	3.2709960024E-2
589	3.2824470243E-2	3.2758608326E-2
590	3.2872753565E-2	3.280781554E-2
591	3.2918957313E-2	3.2853182162E-2
592	3.2957594971E-2	3.2892233157E-2
593	3.301255577E-2	3.2945884836E-2
594	3.305486628E-2	3.29900228E-2
595	3.3097598678E-2	3.3032891343E-2
596	3.3139534151E-2	3.3074186548E-2
597	3.3183905083E-2	3.3120696631E-2
598	3.3223461047E-2	3.3159397624E-2
599	3.3269946054E-2	3.3202725355E-2
600	3.3316743308E-2	3.324851377E-2
601	3.3359043626E-2	3.329137695E-2
602	3.340062439E-2	3.3331531461E-2
603	3.3438088123E-2	3.3368924495E-2
604	3.3484984812E-2	3.3416343923E-2
605	3.3524025362E-2	3.3456543379E-2
606	3.3575007319E-2	3.3508680955E-2
607	3.361921878E-2	3.3552247767E-2
608	3.3658858704E-2	3.3591843523E-2
609	3.3698036885E-2	3.3631617882E-2
610	3.37486916E-2	3.3680627824E-2
611	3.3800141466E-2	3.3729664504E-2
612	3.3838838827E-2	3.3767966654E-2
613	3.3887903602E-2	3.3817621107E-2
614	3.3938891224E-2	3.3867947031E-2
615	3.3979128517E-2	3.3907837511E-2
616	3.4020829147E-2	3.3949612549E-2
617	3.4069733404E-2	3.3999411152E-2
618	3.4108612224E-2	3.4038332661E-2
619	3.4147373221E-2	3.4076136685E-2
620	3.4186563572E-2	3.4114914559E-2
621	3.4225709003E-2	3.4154810565E-2
622	3.4271485835E-2	3.4201490567E-2
623	3.4311218444E-2	3.4239260163E-2
624	3.4357261233E-2	3.4285585194E-2
625	3.439495222E-2	3.4322880134E-2
626	3.4434694334E-2	3.4362817594E-2
627	3.4474344865E-2	3.4403242187E-2
628	3.4518375405E-2	3.4446484513E-2
629	3.4566613633E-2	3.449333855E-2
630	3.4609278213E-2	3.4536657193E-2
631	3.4661351293E-2	3.4588174014E-2
632	3.4712085175E-2	3.4636998781E-2
633	3.4749003436E-2	3.4672300611E-2
634	3.4788476514E-2	3.4711409702E-2
635	3.4835006885E-2	3.4756622174E-2
636	3.4887968955E-2	3.4807862379E-2
637	3.4935187926E-2	3.4853282423E-2
638	3.497598125E-2	3.4891705922E-2
639	3.503010598E-2	3.4945746658E-2
640	3.5065970235E-2	3.4982872242E-2
641	3.5107980374E-2	3.5023869946E-2
642	3.5149782934E-2	3.5064180897E-2
643	3.5193604724E-2	3.5107314009E-2
644	3.5233663633E-2	3.5145459942E-2
645	3.5274910052E-2	3.5184289731E-2
646	3.5318983751E-2	3.5225943173E-2
647	3.5357612894E-2	3.5264960281E-2
648	3.5402351445E-2	3.5307952188E-2
649	3.5440012146E-2	3.534342627E-2
650	3.5485739841E-2	3.5389075282E-2
651	3.5533252522E-2	3.5436628552E-2
652	3.5575586394E-2	3.5477952758E-2
653	3.5631024129E-2	3.5531984949E-2
654	3.5675962462E-2	3.5574081153E-2
655	3.5723649654E-2	3.5623667726E-2
656	3.5773718788E-2	3.5670334904E-2
657	3.5812294456E-2	3.5706749767E-2
658	3.5857849241E-2	3.5752483528E-2
659	3.59011395E-2	3.5796125748E-2
660	3.5951483294E-2	3.5846929923E-2
661	3.5990791391E-2	3.5885244418E-2
662	3.6034584143E-2	3.5928330473E-2
663	3.6089479866E-2	3.5982990812E-2
664	3.6135553466E-2	3.6026563683E-2
665	3.6178024157E-2	3.6068031911E-2
666	3.621853168E-2	3.6107363007E-2
667	3.6268285139E-2	3.615675788E-2
668	3.6307883496E-2	3.619731353E-2
669	3.6360013297E-2	3.624682369E-2
670	3.639635353E-2	3.6282412637E-2
671	3.6440578048E-2	3.632674266E-2
672	3.6479991751E-2	3.6367728786E-2
673	3.6527895864E-2	3.6415392902E-2
674	3.6572628912E-2	3.6460117389E-2
675	3.6621870439E-2	3.6509894798E-2
676	3.6666528671E-2	3.6555268257E-2
677	3.6712423194E-2	3.6598828156E-2
678	3.6753900949E-2	3.6641220424E-2
679	3.6796200413E-2	3.6683978134E-2
680	3.6841667509E-2	3.6731253897E-2
681	3.6891221311E-2	3.6780370866E-2
682	3.6936768777E-2	3.6826659829E-2
683	3.6974882099E-2	3.6867687526E-2
684	3.7026959051E-2	3.6919626217E-2
685	3.7066824994E-2	3.6959215881E-2
686	3.7124490416E-2	3.7017604706E-2
687	3.7170497096E-2	3.7060413192E-2
688	3.7219793633E-2	3.7108634759E-2
689	3.7266458328E-2	3.7154194035E-2
690	3.7323786785E-2	3.7212155544E-2
691	3.7367309097E-2	3.7255883165E-2
692	3.7420952353E-2	3.7310746111E-2
693	3.7458891186E-2	3.7349879333E-2
694	3.7506178202E-2	3.7396743365E-2
695	3.755194778E-2	3.7441382653E-2
696	3.759692271E-2	3.748553936E-2
697	3.764542624E-2	3.7534497708E-2
698	3.7685891368E-2	3.7573204106E-2
699	3.7729704483E-2	3.761740536E-2
700	3.7775781546E-2	3.7663589556E-2
701	3.7822849211E-2	3.7712520435E-2
702	3.7872290659E-2	3.7763307298E-2
703	3.7930135653E-2	3.7820323226E-2
704	3.7975523052E-2	3.7865141738E-2
705	3.8032660663E-2	3.7921673313E-2
706	3.8077373789E-2	3.7964213453E-2
707	3.8123834804E-2	3.801033933E-2
708	3.8171047153E-2	3.805886893E-2
709	3.8227767471E-2	3.8112879445E-2
710	3.8283452223E-2	3.8166908443E-2
711	3.8326343172E-2	3.8209834204E-2
712	3.8369869875E-2	3.8251359182E-2
713	3.8414901602E-2	3.8296003599E-2
714	3.8467840603E-2	3.8347691087E-2
715	3.8520699101E-2	3.84007186E-2
716	3.8575545043E-2	3.84541427E-2
717	3.8612420499E-2	3.8491431151E-2
718	3.8654038927E-2	3.8533244295E-2
719	3.8710903841E-2	3.8588908218E-2
720	3.8761167828E-2	3.8639700732E-2
721	3.8816643474E-2	3.869319788E-2
722	3.8862757339E-2	3.873891135E-2
723	3.8911523139E-2	3.8786974052E-2
724	3.8961821911E-2	3.8837489168E-2
725	3.9009501982E-2	3.8885360797E-2
726	3.9054357162E-2	3.8928577069E-2
727	3.9106488894E-2	3.8981120465E-2
728	3.91631579E-2	3.9035385286E-2
729	3.9213063865E-2	3.9086258586E-2
730	3.9262624919E-2	3.9136045636E-2
731	3.9317639038E-2	3.9191623301E-2
732	3.9364029141E-2	3.9239368328E-2
733	3.9409585128E-2	3.9285303737E-2
734	3.9470933932E-2	3.9345294377E-2
735	3.9518925686E-2	3.9392058495E-2
736	3.9577492517E-2	3.9450817863E-2
737	3.9628534494E-2	3.9500803244E-2
738	3.9680902735E-2	3.9552151609E-2
739	3.9728102831E-2	3.959838758E-2
740	3.9775385771E-2	3.9646053949E-2
741	3.9826417071E-2	3.9697767264E-2
742	3.9877518328E-2	3.9748112582E-2
743	3.9929723701E-2	3.9800282501E-2
744	3.9976047289E-2	3.9847719114E-2
745	4.0027366576E-2	3.9899805387E-2
746	4.0078759128E-2	3.9952622766E-2
747	4.0121184337E-2	3.99941142E-2
748	4.0173576822E-2	4.0045194777E-2
749	4.0226512287E-2	4.0096916165E-2
750	4.0273810292E-2	4.0144443543E-2
751	4.0317095079E-2	4.0190739467E-2
752	4.0361057808E-2	4.0234182031E-2
753	4.0407517121E-2	4.0281003968E-2
754	4.0459844071E-2	4.0334144839E-2
755	4.0507289879E-2	4.0381086074E-2
756	4.0557961729E-2	4.0431677158E-2
757	4.0605737764E-2	4.0480938937E-2
758	4.0651881053E-2	4.0526775291E-2
759	4.0697346614E-2	4.0572041192E-2
760	4.0748984268E-2	4.0622937934E-2
761	4.0798031898E-2	4.0671272873E-2
762	4.0839125418E-2	4.0711484467E-2
763	4.0887540316E-2	4.0758416273E-2
764	4.0941956475E-2	4.0811066185E-2
765	4.0989177859E-2	4.0857111378E-2
766	4.1043949111E-2	4.0911112312E-2
767	4.1101911662E-2	4.096657487E-2
768	4.1149071397E-2	4.1013988092E-2
769	4.119967127E-2	4.106700673E-2
770	4.1250323801E-2	4.1115998804E-2
771	4.1304256892E-2	4.1169955526E-2
772	4.1349383413E-2	4.1213767944E-2
773	4.1395504241E-2	4.1259795062E-2
774	4.1436037015E-2	4.1301316618E-2
775	4.1487121141E-2	4.1352305486E-2
776	4.1536373626E-2	4.1399612153E-2
777	4.1594126341E-2	4.1455619556E-2
778	4.164404703E-2	4.1505372185E-2
779	4.1695003755E-2	4.1556478763E-2
780	4.1747150754E-2	4.1608062484E-2
781	4.1798034824E-2	4.1654998598E-2
782	4.1852881457E-2	4.1707537719E-2
783	4.1903192346E-2	4.1758743152E-2
784	4.1958647264E-2	4.1813616567E-2
785	4.2007847782E-2	4.1864608832E-2
786	4.2047267907E-2	4.1903042088E-2
787	4.2092520804E-2	4.1948421169E-2
788	4.214288418E-2	4.2000465815E-2
789	4.2187783877E-2	4.2047107577E-2
790	4.2236320055E-2	4.2096837253E-2
791	4.2283303472E-2	4.2144220918E-2
792	4.2329801034E-2	4.2189396114E-2
793	4.2380908559E-2	4.2241657624E-2
794	4.2426336237E-2	4.2288010014E-2
795	4.2480260748E-2	4.2341085552E-2
796	4.2531145628E-2	4.2391239718E-2
797	4.2577827722E-2	4.244121948E-2
798	4.2637582447E-2	4.2503048295E-2
799	4.2686710865E-2	4.2551515615E-2
800	4.2742894939E-2	4.2609034936E-2
801	4.2790064276E-2	4.2656935528E-2
802	4.2843110239E-2	4.2710418365E-2
803	4.2901668854E-2	4.2771307862E-2
804	4.2955429544E-2	4.2823664508E-2
805	4.300420109E-2	4.2872197722E-2
806	4.3059640017E-2	4.2928388119E-2
807	4.311997955E-2	4.2986962157E-2
808	4.3171605481E-2	4.3038386697E-2
809	4.3215320981E-2	4.3082219804E-2
810	4.3265764843E-2	4.3131791442E-2
811	4.3318824381E-2	4.3185798531E-2
812	4.3374881495E-2	4.3241300957E-2
813	4.3422883598E-2	4.3289191283E-2
814	4.3474784105E-2	4.3340025181E-2
815	4.3534244305E-2	4.3398185978E-2
816	4.358779864E-2	4.3454148389E-2
817	4.3645959163E-2	4.3511232792E-2
818	4.3696305431E-2	4.3562521441E-2
819	4.3747228195E-2	4.361302247E-2
820	4.3806236194E-2	4.3671543606E-2
821	4.3865053857E-2	4.3729964339E-2
822	4.392287832E-2	4.3785734117E-2
823	4.3981975058E-2	4.3845979588E-2
824	4.4028919263E-2	4.3892196337E-2
825	4.4084982948E-2	4.3946959541E-2
826	4.4134889863E-2	4.3996961651E-2
827	4.4185506013E-2	4.4045511222E-2
828	4.4233022992E-2	4.409374203E-2
829	4.4290280009E-2	4.4148822337E-2
830	4.4344721265E-2	4.4204140833E-2
831	4.4393942471E-2	4.4251773769E-2
832	4.4442574059E-2	4.4300674101E-2
833	4.4497847478E-2	4.4355781456E-2
834	4.4545526515E-2	4.4403902735E-2
835	4.4596792989E-2	4.4453080153E-2
836	4.4637334518E-2	4.4493381339E-2
837	4.4691691912E-2	4.4545210899E-2
838	4.4745258253E-2	4.4600278044E-2
839	4.4794562634E-2	4.4650243571E-2
840	4.4851981554E-2	4.4707037907E-2
841	4.490073185E-2	4.4754972808E-2
842	4.4952974781E-2	4.4806652275E-2
843	4.5007682589E-2	4.4863030015E-2
844	4.5061106692E-2	4.4916116413E-2
845	4.5114225334E-2	4.4969604142E-2
846	4.5167919784E-2	4.5022891798E-2
847	4.5219626912E-2	4.5073246193E-2
848	4.5269362466E-2	4.5121917236E-2
849	4.5320841369E-2	4.5173185195E-2
850	4.5377462842E-2	4.5228930678E-2
851	4.543546239E-2	4.5286335267E-2
852	4.548276945E-2	4.5332235878E-2
853	4.5533852751E-2	4.5382867129E-2
854	4.5581015508E-2	4.5428630621E-2
855	4.563797141E-2	4.5482272049E-2
856	4.5695309018E-2	4.5538868781E-2
857	4.5742653883E-2	4.5587418105E-2
858	4.5794268722E-2	4.5637341727E-2
859	4.5851353624E-2	4.5693936129E-2
860	4.590705887E-2	4.5748035058E-2
861	4.5947889147E-2	4.5790543171E-2
862	4.5990813108E-2	4.5833020454E-2
863	4.6046668719E-2	4.5887758855E-2
864	4.6093709987E-2	4.5932642365E-2
865	4.6158356398E-2	4.5996063476E-2
866	4.6218927229E-2	4.6057128559E-2
867	4.6269950819E-2	4.6108130905E-2
868	4.6322792043E-2	4.6159859726E-2
869	4.6374326368E-2	4.6212251696E-2
870	4.6425011067E-2	4.6262111374E-2
871	4.6481375685E-2	4.6318410479E-2
872	4.6534320121E-2	4.6371853062E-2
873	4.6592570802E-2	4.6431029431E-2
874	4.6642330448E-2	4.6480397769E-2
875	4.6705570299E-2	4.6542498764E-2
876	4.6756803262E-2	4.6595117758E-2
877	4.6815632958E-2	4.6652061933E-2
878	4.6869065392E-2	4.6706649703E-2
879	4.6929822869E-2	4.6768495613E-2
880	4.6980770835E-2	4.6818978653E-2
881	4.7040527646E-2	4.6877517525E-2
882	4.7100198127E-2	4.6937564234E-2
883	4.7161123827E-2	4.6997947862E-2
884	4.7209024315E-2	4.7048239262E-2
885	4.7257902437E-2	4.7097759121E-2
886	4.7317603026E-2	4.7156124648E-2
887	4.737515739E-2	4.7211612706E-2
888	4.7435352506E-2	4.7270177665E-2
889	4.7484728003E-2	4.7318865485E-2
890	4.7546881763E-2	4.7381195832E-2
891	4.7602687534E-2	4.7438120786E-2
892	4.7657137328E-2	4.7493885215E-2
893	4.7715462819E-2	4.7551747453E-2
894	4.7774043319E-2	4.7610634466E-2
895	4.7834337987E-2	4.7670932026E-2
896	4.7893543541E-2	4.7728850182E-2
897	4.7953039559E-2	4.7786620099E-2
898	4.8012049617E-2	4.7844197898E-2
899	4.8068232317E-2	4.7901313127E-2
900	4.8127641714E-2	4.7960536831E-2
901	4.8184122305E-2	4.8018625111E-2
902	4.8239199127E-2	4.8073425706E-2
903	4.8297140246E-2	4.8130474879E-2
904	4.8349591802E-2	4.8181782308E-2
905	4.8409145233E-2	4.8241055122E-2
906	4.8462822373E-2	4.8294643124E-2
907	4.8508919524E-2	4.8341844575E-2
908	4.8567736421E-2	4.8401653278E-2
909	4.8627892829E-2	4.8462383936E-2
910	4.8691228981E-2	4.8525043447E-2
911	4.874459874E-2	4.8577552964E-2
912	4.8803482578E-2	4.8634160557E-2
913	4.8862180327E-2	4.8692123578E-2
914	4.8918698959E-2	4.8747274883E-2
915	4.8977914363E-2	4.880533457E-2
916	4.9039486811E-2	4.8867907484E-2
917	4.9091855768E-2	4.8922696934E-2
918	4.9140956217E-2	4.8970651022E-2
919	4.9200364217E-2	4.9029556089E-2
920	4.9249321787E-2	4.9079842639E-2
921	4.9308106291E-2	4.9140391701E-2
922	4.9368520928E-2	4.9200079433E-2
923	4.9425613455E-2	4.9258033711E-2
924	4.9487702725E-2	4.9320281546E-2
925	4.9552041953E-2	4.9386446631E-2
926	4.9601817273E-2	4.94372022E-2
927	4.966582983E-2	4.9501505442E-2
928	4.9724146792E-2	4.955860999E-2
929	4.9779691852E-2	4.9614606627E-2
930	4.983988228E-2	4.9675287229E-2
931	4.9904225932E-2	4.9740089778E-2
932	4.996987169E-2	4.9806225684E-2
933	5.0037183404E-2	4.9874976789E-2
934	5.009904501E-2	4.9934993721E-2
935	5.0161766194E-2	4.9999035289E-2
936	5.0224892678E-2	5.0066084905E-2
937	5.0288645651E-2	5.0130285067E-2
938	5.0347040997E-2	5.0189497476E-2
939	5.0402340708E-2	5.0247330399E-2
940	5.0464212343E-2	5.0310260989E-2
941	5.0520765165E-2	5.0367886719E-2
942	5.0583693785E-2	5.043177027E-2
943	5.063845899E-2	5.0486400459E-2
944	5.069683183E-2	5.0545706524E-2
945	5.0757930546E-2	5.0607562374E-2
946	5.0821130887E-2	5.0669084729E-2
947	5.0879184074E-2	5.0728977266E-2
948	5.0943506395E-2	5.079226565E-2
949	5.0993625754E-2	5.0843859251E-2
950	5.1055807753E-2	5.0906313769E-2
951	5.1120577228E-2	5.0971884744E-2
952	5.1171124274E-2	5.10218088E-2
953	5.1225643919E-2	5.107603115E-2
954	5.1277910381E-2	5.1128071374E-2
955	5.1334472968E-2	5.1184739515E-2
956	5.1390078753E-2	5.1241748196E-2
957	5.1440157239E-2	5.129460366E-2
958	5.1507082289E-2	5.1361021219E-2
959	5.1567123351E-2	5.142287489E-2
960	5.1617239002E-2	5.1471937199E-2
961	5.1681878495E-2	5.1536669833E-2
962	5.1745074965E-2	5.1598921303E-2
963	5.1801026581E-2	5.1655499435E-2
964	5.1866792244E-2	5.1722197652E-2
965	5.1926087597E-2	5.1782366065E-2
966	5.1995844046E-2	5.1852650475E-2
967	5.2057907982E-2	5.1911997475E-2
968	5.2115857068E-2	5.1968400401E-2
969	5.2168619724E-2	5.2020565627E-2
970	5.2227200181E-2	5.2078358746E-2
971	5.2286579742E-2	5.2138035012E-2
972	5.2354546116E-2	5.2205762878E-2
973	5.2420286453E-2	5.227370901E-2
974	5.2486763286E-2	5.2340050981E-2
975	5.2557852688E-2	5.2412728755E-2
976	5.2623124787E-2	5.2475914274E-2
977	5.2695708103E-2	5.2548582849E-2
978	5.2762399969E-2	5.2615717475E-2
979	5.2826889965E-2	5.267777479E-2
980	5.2894622887E-2	5.2746333689E-2
981	5.2967765784E-2	5.282039679E-2
982	5.3028550925E-2	5.2879687395E-2
983	5.3094424178E-2	5.2945118749E-2
984	5.316944459E-2	5.3018069173E-2
985	5.3227149045E-2	5.3075445315E-2
986	5.3293486683E-2	5.3140668336E-2
987	5.3354859715E-2	5.3202299408E-2
988	5.3417049618E-2	5.3261615783E-2
989	5.3485885968E-2	5.3328467051E-2
990	5.3547997113E-2	5.3391174367E-2
991	5.3614807667E-2	5.3457436495E-2
992	5.3681673702E-2	5.3524501081E-2
993	5.3750621244E-2	5.3592183622E-2
994	5.3821933861E-2	5.3665497381E-2
995	5.3871538602E-2	5.3715035362E-2
996	5.3947916111E-2	5.3792159819E-2
997	5.4000768777E-2	5.3846124716E-2
998	5.4069049992E-2	5.3912981271E-2
999	5.4131314522E-2	5.3975624188E-2
1000	5.4197955642E-2	5.4043408461E-2
1001	5.4260734108E-2	5.4104844812E-2
1002	5.4325660831E-2	5.4171317115E-2
1003	5.4397766563E-2	5.4241828408E-2
1004	5.4464290139E-2	5.4307146021E-2
1005	5.4525547898E-2	5.436775199E-2
1006	5.4598356629E-2	5.4439662713E-2
1007	5.4661836587E-2	5.4502374716E-2
1008	5.4731266388E-2	5.457096905E-2
1009	5.479173189E-2	5.4632685884E-2
1010	5.485929113E-2	5.4700546165E-2
1011	5.4930705768E-2	5.4773247361E-2
1012	5.4999065412E-2	5.4840450842E-2
1013	5.5070002041E-2	5.4906254406E-2
1014	5.5131067514E-2	5.4964036181E-2
1015	5.5200146444E-2	5.5033242759E-2
1016	5.5265393051E-2	5.5096838828E-2
1017	5.5328033986E-2	5.5156822013E-2
1018	5.5397433796E-2	5.5225159317E-2
1019	5.5465593119E-2	5.5296314474E-2
1020	5.5532880127E-2	5.5364298243E-2
1021	5.5600271901E-2	5.5432272365E-2
1022	5.5670471137E-2	5.5503299425E-2
1023	5.57405858E-2	5.5572279949E-2
1024	5.579712717E-2	5.5630649966E-2
1025	5.5865759292E-2	5.5702055714E-2
1026	5.5927833632E-2	5.5765116676E-2
1027	5.5998387039E-2	5.5835456434E-2
1028	5.6077143614E-2	5.5910818602E-2
1029	5.6139363217E-2	5.597222367E-2
1030	5.6201267757E-2	5.6035842441E-2
1031	5.6259910179E-2	5.6095443125E-2
1032	5.6322184011E-2	5.6159890133E-2
1033	5.639410324E-2	5.623184879E-2
1034	5.6447384267E-2	5.6286865209E-2
1035	5.6512844646E-2	5.635208396E-2
1036	5.6571928683E-2	5.6410544307E-2
1037	5.66371578E-2	5.6474482627E-2
1038	5.6711142419E-2	5.6548246068E-2
1039	5.6779049166E-2	5.6615755183E-2
1040	5.6846267633E-2	5.6682745777E-2
1041	5.6920158562E-2	5.6756335978E-2
1042	5.6984425507E-2	5.6819884307E-2
1043	5.7050426612E-2	5.6884997822E-2
1044	5.7126366573E-2	5.69576276E-2
1045	5.7193073123E-2	5.7022573057E-2
1046	5.7259029028E-2	5.7089713829E-2
1047	5.7320595555E-2	5.7149845995E-2
1048	5.7386540008E-2	5.7216155661E-2
1049	5.7447923145E-2	5.727852025E-2
1050	5.7532388331E-2	5.7362149458E-2
1051	5.7601182431E-2	5.7430857504E-2
1052	5.767078477E-2	5.7496968853E-2
1053	5.774034529E-2	5.7567672815E-2
1054	5.7811595563E-2	5.763667167E-2
1055	5.7880751819E-2	5.7704816751E-2
1056	5.7950743634E-2	5.777613828E-2
1057	5.8016290173E-2	5.7842142003E-2
1058	5.8084597896E-2	5.7911137823E-2
1059	5.8158663534E-2	5.7983547419E-2
1060	5.8226436051E-2	5.8051969364E-2
1061	5.8290169916E-2	5.8117947322E-2
1062	5.8361688645E-2	5.8190386819E-2
1063	5.8430048708E-2	5.8259049394E-2
1064	5.8509009673E-2	5.8338169041E-2
1065	5.8576345635E-2	5.8406109139E-2
1066	5.8649531096E-2	5.8477167222E-2
1067	5.8713099997E-2	5.8542048699E-2
1068	5.8782084445E-2	5.8611958815E-2
1069	5.8853140251E-2	5.8683611776E-2
1070	5.8922463358E-2	5.8754665339E-2
1071	5.8997145056E-2	5.8829298847E-2
1072	5.9067993103E-2	5.8898293092E-2
1073	5.9152833227E-2	5.8984580215E-2
1074	5.9217710863E-2	5.904930391E-2
1075	5.928834482E-2	5.9120459885E-2
1076	5.9367468839E-2	5.9200349727E-2
1077	5.9447891574E-2	5.9281181571E-2
1078	5.9519076737E-2	5.9352413671E-2
1079	5.9584593144E-2	5.9418714217E-2
1080	5.9657640866E-2	5.9493140728E-2
1081	5.9732685375E-2	5.9569543946E-2
1082	5.9796390163E-2	5.9630961336E-2
1083	5.9871815077E-2	5.9708439934E-2
1084	5.9948356055E-2	5.978485722E-2
1085	6.0027281529E-2	5.986417074E-2
1086	6.0113491178E-2	5.9950726338E-2
1087	6.018259478E-2	6.0020807264E-2
1088	6.024350552E-2	6.0080996851E-2
1089	6.0296047394E-2	6.0134694431E-2
1090	6.0368060804E-2	6.0206556318E-2
1091	6.0434642323E-2	6.0272341656E-2
1092	6.0507180161E-2	6.0345180925E-2
1093	6.056619882E-2	6.0403416111E-2
1094	6.063378762E-2	6.0469139507E-2
1095	6.0703375737E-2	6.0539068007E-2
1096	6.0770949842E-2	6.0607944572E-2
1097	6.0853395677E-2	6.068947199E-2
1098	6.0922374654E-2	6.0756900489E-2
1099	6.0992919941E-2	6.0829226959E-2
1100	6.1063744513E-2	6.0901098604E-2
1101	6.114216412E-2	6.0976974592E-2
1102	6.1214049561E-2	6.1047923094E-2
1103	6.1274375272E-2	6.110881131E-2
1104	6.1342580479E-2	6.1175709836E-2
1105	6.1415494926E-2	6.1249511056E-2
1106	6.1483019405E-2	6.1316283244E-2
1107	6.1547631445E-2	6.1380790655E-2
1108	6.1618943425E-2	6.1450216205E-2
1109	6.1685016913E-2	6.1517715497E-2
1110	6.1757992231E-2	6.159172991E-2
1111	6.1833240506E-2	6.1666722477E-2
1112	6.19082707E-2	6.1742546987E-2
1113	6.1981999113E-2	6.1814757569E-2
1114	6.2049230592E-2	6.1881144747E-2
1115	6.2126302814E-2	6.1958488892E-2
1116	6.2198782041E-2	6.203186704E-2
1117	6.2270186822E-2	6.2103623709E-2
1118	6.2344212975E-2	6.2177856343E-2
1119	6.2421972608E-2	6.2256606173E-2
1120	6.2496442379E-2	6.2331603977E-2
1121	6.2577934247E-2	6.2413417925E-2
1122	6.2652671826E-2	6.2489060181E-2
1123	6.2724269054E-2	6.2560249718E-2
1124	6.27903428E-2	6.2625380407E-2
1125	6.2871022909E-2	6.2706628758E-2
1126	6.2941989705E-2	6.2778206566E-2
1127	6.3013973306E-2	6.2848091546E-2
1128	6.3084792051E-2	6.2916096589E-2
1129	6.31577971E-2	6.2987893381E-2
1130	6.3243148071E-2	6.3070415783E-2
1131	6.3311025054E-2	6.313528584E-2
1132	6.3389428211E-2	6.3213828549E-2
1133	6.3458199458E-2	6.3281462266E-2
1134	6.3533888462E-2	6.335557197E-2
1135	6.3608977618E-2	6.3433461717E-2
1136	6.3687485663E-2	6.3513444618E-2
1137	6.3749952125E-2	6.3574156851E-2
1138	6.3813700329E-2	6.3637425574E-2
1139	6.3891024347E-2	6.3713631378E-2
1140	6.3955343838E-2	6.3777381996E-2
1141	6.40284273E-2	6.3850157715E-2
1142	6.4094052961E-2	6.3914085768E-2
1143	6.41694055E-2	6.3989081289E-2
1144	6.4244298923E-2	6.4066128253E-2
1145	6.4314255224E-2	6.4135279822E-2
1146	6.4385940111E-2	6.4207786334E-2
1147	6.4459367504E-2	6.4279877013E-2
1148	6.4538472375E-2	6.4357681498E-2
1149	6.4609758614E-2	6.4426774628E-2
1150	6.4676948597E-2	6.4492284075E-2
1151	6.4751605513E-2	6.4567066111E-2
1152	6.4820790323E-2	6.4634523328E-2
1153	6.4904833695E-2	6.4717328644E-2
1154	6.4985744824E-2	6.4797832172E-2
1155	6.5054541757E-2	6.4867192857E-2
1156	6.5139284117E-2	6.4950589195E-2
1157	6.5214118443E-2	6.5024110015E-2
1158	6.5288743129E-2	6.5097703637E-2
1159	6.5367923998E-2	6.5175351698E-2
1160	6.544897448E-2	6.5253909171E-2
1161	6.5517286372E-2	6.532276967E-2
1162	6.5595657867E-2	6.5400094458E-2
1163	6.5683172086E-2	6.5485246327E-2
1164	6.5756533493E-2	6.5558294875E-2
1165	6.5822974516E-2	6.5623961088E-2
1166	6.5900300277E-2	6.5702803627E-2
1167	6.5983140036E-2	6.5786502557E-2
1168	6.6051031866E-2	6.5855185615E-2
1169	6.6130376371E-2	6.5934996347E-2
1170	6.6203348345E-2	6.6006023041E-2
1171	6.6272074595E-2	6.6074256227E-2
1172	6.634862635E-2	6.6151694205E-2
1173	6.6417296007E-2	6.6219156263E-2
1174	6.6501503437E-2	6.6300071656E-2
1175	6.6579324108E-2	6.6379655381E-2
1176	6.6657999688E-2	6.6456961939E-2
1177	6.6753606966E-2	6.6550760957E-2
1178	6.6841646414E-2	6.6638360439E-2
1179	6.6925344562E-2	6.6724437443E-2
1180	6.7009337982E-2	6.6807465067E-2
1181	6.7081691823E-2	6.6880896392E-2
1182	6.7147813359E-2	6.6944662037E-2
1183	6.721903744E-2	6.7015311545E-2
1184	6.729688566E-2	6.7090914397E-2
1185	6.7376785805E-2	6.7171336523E-2
1186	6.7456162874E-2	6.7252054931E-2
1187	6.7537997808E-2	6.7331707063E-2
1188	6.762589761E-2	6.7419907291E-2
1189	6.7710272907E-2	6.7504151935E-2
1190	6.7783915399E-2	6.7575909179E-2
1191	6.7880865765E-2	6.7675811981E-2
1192	6.7957127911E-2	6.7754146753E-2
1193	6.8037870265E-2	6.7834505489E-2
1194	6.8112701668E-2	6.7910126179E-2
1195	6.8193652176E-2	6.7989897051E-2
1196	6.8278197467E-2	6.8073937099E-2
1197	6.8347275877E-2	6.8144606597E-2
1198	6.8435676463E-2	6.8234259015E-2
1199	6.8514279554E-2	6.8313922203E-2
1200	6.8587304333E-2	6.8385888513E-2
1201	6.8672801849E-2	6.8472031323E-2
1202	6.8760361527E-2	6.8559260218E-2
1203	6.8839837851E-2	6.8638088707E-2
1204	6.8917788491E-2	6.8713349583E-2
1205	6.8991391525E-2	6.8787547084E-2
1206	6.9079523789E-2	6.8876263875E-2
1207	6.9165419133E-2	6.8962799586E-2
1208	6.923976261E-2	6.9036187537E-2
1209	6.9325445602E-2	6.9120985068E-2
1210	6.9407474683E-2	6.9203132847E-2
1211	6.9485164562E-2	6.9278773528E-2
1212	6.9555638365E-2	6.9349423495E-2
1213	6.9627902156E-2	6.9420569054E-2
1214	6.9707266938E-2	6.9501311834E-2
1215	6.9784419628E-2	6.9580265092E-2
1216	6.9860678128E-2	6.9656954735E-2
1217	6.9940331428E-2	6.9738566407E-2
1218	7.0011864196E-2	6.9809847403E-2
1219	7.0093900159E-2	6.9893092159E-2
1220	7.0172229766E-2	6.9975072141E-2
1221	7.025565039E-2	7.0059361078E-2
1222	7.0327119803E-2	7.0133657365E-2
1223	7.0412821453E-2	7.0219373929E-2
1224	7.0496261751E-2	7.0303035127E-2
1225	7.0570709648E-2	7.0375977897E-2
1226	7.0661249952E-2	7.0465335977E-2
1227	7.0740949207E-2	7.0542765711E-2
1228	7.0820278519E-2	7.0623376449E-2
1229	7.0903293799E-2	7.0704003658E-2
1230	7.0985771775E-2	7.0782742976E-2
1231	7.1065859547E-2	7.0861892575E-2
1232	7.1147161228E-2	7.094274788E-2
1233	7.1234723375E-2	7.1031875906E-2
1234	7.1320231557E-2	7.1114149812E-2
1235	7.1398020747E-2	7.1190529207E-2
1236	7.1488420481E-2	7.1278233103E-2
1237	7.1577294808E-2	7.1365127916E-2
1238	7.1665024055E-2	7.1450627494E-2
1239	7.1746330533E-2	7.153064261E-2
1240	7.1828994687E-2	7.1613592489E-2
1241	7.1904366634E-2	7.1688822876E-2
1242	7.1993770697E-2	7.1779034859E-2
1243	7.2071209714E-2	7.1856494447E-2
1244	7.2157050948E-2	7.1941433365E-2
1245	7.2244059533E-2	7.2026708833E-2
1246	7.2330060588E-2	7.2114468753E-2
1247	7.2422389029E-2	7.2201507755E-2
1248	7.2505840137E-2	7.2284563397E-2
1249	7.2582324509E-2	7.2360635538E-2
1250	7.2673829732E-2	7.2452381639E-2
1251	7.2749004181E-2	7.2527923106E-2
1252	7.2824977842E-2	7.2604321695E-2
1253	7.292171741E-2	7.2700911058E-2
1254	7.3009390808E-2	7.2788037747E-2
1255	7.3097212567E-2	7.2876269531E-2
1256	7.317965451E-2	7.2959613683E-2
1257	7.3252686609E-2	7.3030349294E-2
1258	7.3348039151E-2	7.3126505582E-2
1259	7.3435758056E-2	7.3212323781E-2
1260	7.3518882985E-2	7.3292723598E-2
1261	7.3598268265E-2	7.3371275057E-2
1262	7.3691297156E-2	7.3462721873E-2
1263	7.3773935752E-2	7.3543805793E-2
1264	7.3863999842E-2	7.3631789064E-2
1265	7.396302887E-2	7.3729373883E-2
1266	7.4059882543E-2	7.3826008976E-2
1267	7.4154884851E-2	7.3919691486E-2
1268	7.4246241766E-2	7.4009946038E-2
1269	7.4345051625E-2	7.4105567379E-2
1270	7.443000228E-2	7.4189345522E-2
1271	7.4522005337E-2	7.4279370986E-2
1272	7.4614171765E-2	7.4370317011E-2
1273	7.4712491277E-2	7.4469250958E-2
1274	7.4812884393E-2	7.4565435994E-2
1275	7.4909001456E-2	7.4657751991E-2
1276	7.5003224895E-2	7.4747116798E-2
1277	7.5096929868E-2	7.4839734606E-2
1278	7.5182922742E-2	7.4924574372E-2
1279	7.5277591509E-2	7.5019375517E-2
1280	7.536145945E-2	7.5102029595E-2
1281	7.545682898E-2	7.5196228921E-2
1282	7.5549531885E-2	7.5288853548E-2
1283	7.5650259315E-2	7.5390017239E-2
1284	7.57429532E-2	7.5480760504E-2
1285	7.5841871712E-2	7.558051772E-2
1286	7.5933697514E-2	7.5667806062E-2
1287	7.6019307321E-2	7.5751312577E-2
1288	7.6105935003E-2	7.5838308161E-2
1289	7.6189281335E-2	7.591959929E-2
1290	7.6276612042E-2	7.6004685246E-2
1291	7.6372054278E-2	7.6099778549E-2
1292	7.6469776884E-2	7.6193908923E-2
1293	7.6569405366E-2	7.6289158338E-2
1294	7.6660199678E-2	7.6377973014E-2
1295	7.6755181187E-2	7.6473225437E-2
1296	7.6838898064E-2	7.655456154E-2
1297	7.692597307E-2	7.6644190115E-2
1298	7.7020272382E-2	7.6738326523E-2
1299	7.7115030482E-2	7.6833390523E-2
1300	7.7222838055E-2	7.6938301438E-2
1301	7.7325711351E-2	7.7039072456E-2
1302	7.7423066959E-2	7.7137832739E-2
1303	7.7517609187E-2	7.7232325057E-2
1304	7.7613321107E-2	7.7325960791E-2
1305	7.7704793831E-2	7.741674823E-2
1306	7.7804485751E-2	7.7516911618E-2
1307	7.7900712112E-2	7.7609551078E-2
1308	7.7987818965E-2	7.7694069535E-2
1309	7.8077826743E-2	7.778445657E-2
1310	7.818119607E-2	7.7890313194E-2
1311	7.8276028342E-2	7.7986445417E-2
1312	7.8370019306E-2	7.8079922706E-2
1313	7.8466238112E-2	7.8175374518E-2
1314	7.8561054198E-2	7.8271376197E-2
1315	7.8665674297E-2	7.8374509806E-2
1316	7.87542157E-2	7.8463929468E-2
1317	7.8849834042E-2	7.8561677342E-2
1318	7.8949533996E-2	7.8660111523E-2
1319	7.9047484622E-2	7.8759493755E-2
1320	7.9144448577E-2	7.8853412498E-2
1321	7.9250161907E-2	7.8957946937E-2
1322	7.9350628115E-2	7.9057543924E-2
1323	7.9444268366E-2	7.9148364127E-2
1324	7.954129591E-2	7.9247690484E-2
1325	7.9637029236E-2	7.9344146268E-2
1326	7.9739982888E-2	7.9442232552E-2
1327	7.9851088419E-2	7.954934088E-2
1328	7.9946480606E-2	7.9644989633E-2
1329	8.0054969906E-2	7.9750387451E-2
1330	8.0148024274E-2	7.984332129E-2
1331	8.0253910364E-2	7.9950705322E-2
1332	8.0355565853E-2	8.0053544596E-2
1333	8.0453362068E-2	8.0147504467E-2
1334	8.0568000559E-2	8.0260079899E-2
1335	8.0658055488E-2	8.0349477688E-2
1336	8.0776320369E-2	8.0466070903E-2
1337	8.089156935E-2	8.0581516318E-2
1338	8.0983873494E-2	8.0674262615E-2
1339	8.1098062727E-2	8.0788226396E-2
1340	8.1205432684E-2	8.0896095385E-2
1341	8.1305631292E-2	8.0999026075E-2
1342	8.141829342E-2	8.1112684085E-2
1343	8.1526355179E-2	8.1215507919E-2
1344	8.1626145892E-2	8.1314647484E-2
1345	8.1734526378E-2	8.1421589242E-2
1346	8.183612195E-2	8.1522658544E-2
1347	8.1938558327E-2	8.1625206472E-2
1348	8.2046453303E-2	8.173316774E-2
1349	8.2152623885E-2	8.1839168296E-2
1350	8.2249906262E-2	8.1937321337E-2
1351	8.2341785445E-2	8.2028020021E-2
1352	8.2450586909E-2	8.2135479635E-2
1353	8.255133453E-2	8.2236967399E-2
1354	8.2652441986E-2	8.2335773595E-2
1355	8.2765546408E-2	8.2448375369E-2
1356	8.2862146745E-2	8.2548259715E-2
1357	8.2975008754E-2	8.2661510131E-2
1358	8.3084984098E-2	8.2772333489E-2
1359	8.3193393198E-2	8.2879184796E-2
1360	8.3285685251E-2	8.2970098823E-2
1361	8.3391472691E-2	8.3075931889E-2
1362	8.3515240816E-2	8.3202266358E-2
1363	8.3627313481E-2	8.3312734995E-2
1364	8.3724547133E-2	8.3411973184E-2
1365	8.382872E-2	8.3516351928E-2
1366	8.3937166082E-2	8.3625700571E-2
1367	8.4045609445E-2	8.3735239118E-2
1368	8.4155052743E-2	8.3844637696E-2
1369	8.4272005024E-2	8.3962856447E-2
1370	8.4387924747E-2	8.4078664837E-2
1371	8.4496295752E-2	8.4187428304E-2
1372	8.4602785254E-2	8.4296745031E-2
1373	8.4693507857E-2	8.4387434169E-2
1374	8.4807998842E-2	8.4500888939E-2
1375	8.4921821881E-2	8.4613506371E-2
1376	8.503320552E-2	8.4724992513E-2
1377	8.5147108584E-2	8.4840739862E-2
1378	8.5259506254E-2	8.4950966831E-2
1379	8.5358934887E-2	8.5051989465E-2
1380	8.5472517638E-2	8.5162016744E-2
1381	8.5556988894E-2	8.5245668839E-2
1382	8.5664974293E-2	8.5352031356E-2
1383	8.5770943978E-2	8.5457012755E-2
1384	8.5882990236E-2	8.5565258328E-2
1385	8.5997246609E-2	8.5677447254E-2
1386	8.6104483744E-2	8.5782070283E-2
1387	8.6200907341E-2	8.5878039896E-2
1388	8.631544077E-2	8.5989561161E-2
1389	8.6421355888E-2	8.6093180733E-2
1390	8.6535156025E-2	8.6205336862E-2
1391	8.6650392899E-2	8.6319527527E-2
1392	8.6764271197E-2	8.6431389505E-2
1393	8.6875061514E-2	8.6539928352E-2
1394	8.7001561102E-2	8.6667709663E-2
1395	8.711731758E-2	8.6781136208E-2
1396	8.7242693278E-2	8.6903147391E-2
1397	8.7353468999E-2	8.7015996789E-2
1398	8.7470975051E-2	8.713133868E-2
1399	8.7586612991E-2	8.7247161469E-2
1400	8.7709465967E-2	8.7367156401E-2
1401	8.782350378E-2	8.7476728741E-2
1402	8.7936480748E-2	8.7587509971E-2
1403	8.8060605953E-2	8.7707488642E-2
1404	8.8156093917E-2	8.7799690416E-2
1405	8.8275495318E-2	8.7914621173E-2
1406	8.8392122132E-2	8.8033077005E-2
1407	8.8495336217E-2	8.813876868E-2
1408	8.8617876374E-2	8.8261478669E-2
1409	8.8731008613E-2	8.8369580451E-2
1410	8.8845288377E-2	8.8484266909E-2
1411	8.896294518E-2	8.8602427881E-2
1412	8.9076553423E-2	8.8712724353E-2
1413	8.9192295536E-2	8.882569457E-2
1414	8.9321619108E-2	8.8956227034E-2
1415	8.9437341713E-2	8.9070429466E-2
1416	8.9555197649E-2	8.9189195795E-2
1417	8.9663968777E-2	8.9301318874E-2
1418	8.9774739328E-2	8.941231949E-2
1419	8.988921454E-2	8.9525883283E-2
1420	8.9996805522E-2	8.9631419278E-2
1421	9.0109657393E-2	8.9745362037E-2
1422	9.0231153419E-2	8.9862773063E-2
1423	9.0341561606E-2	8.9973175344E-2
1424	9.0464049895E-2	9.0092187138E-2
1425	9.0581647326E-2	9.0204759167E-2
1426	9.070569366E-2	9.0329290079E-2
1427	9.0827439672E-2	9.0448006828E-2
1428	9.0943404368E-2	9.0564876068E-2
1429	9.1071869156E-2	9.0688884931E-2
1430	9.1182415686E-2	9.0799815619E-2
1431	9.1316808634E-2	9.0934225224E-2
1432	9.1452285574E-2	9.1067483042E-2
1433	9.1578169226E-2	9.1192707936E-2
1434	9.1696120888E-2	9.1309981167E-2
1435	9.1817048347E-2	9.1431995027E-2
1436	9.1931116074E-2	9.1546274535E-2
1437	9.205968901E-2	9.167445955E-2
1438	9.2163760402E-2	9.1778273355E-2
1439	9.2283765311E-2	9.1898485159E-2
1440	9.2397610738E-2	9.2013754363E-2
1441	9.2523997226E-2	9.2140209066E-2
1442	9.2652189239E-2	9.2269135475E-2
1443	9.2764150405E-2	9.2381820282E-2
1444	9.2890744537E-2	9.2507072951E-2
1445	9.3008495416E-2	9.2626053894E-2
1446	9.3111925504E-2	9.2734124146E-2
1447	9.3239024809E-2	9.2864377977E-2
1448	9.3342523729E-2	9.2968856699E-2
1449	9.3472304579E-2	9.3096710422E-2
1450	9.3606046925E-2	9.3228240517E-2
1451	9.3730789687E-2	9.3353017909E-2
1452	9.3855949394E-2	9.3481737255E-2
1453	9.3989872427E-2	9.3610798004E-2
1454	9.4123687071E-2	9.3744486462E-2
1455	9.4251816509E-2	9.3873328671E-2
1456	9.4369036245E-2	9.3991256031E-2
1457	9.4501706927E-2	9.4125903336E-2
1458	9.4628913195E-2	9.4250881211E-2
1459	9.4765221851E-2	9.4384214716E-2
1460	9.4893331605E-2	9.4508157593E-2
1461	9.5012233439E-2	9.4624599598E-2
1462	9.515549805E-2	9.476404312E-2
1463	9.527501756E-2	9.4882558662E-2
1464	9.5389715404E-2	9.4997704292E-2
1465	9.5514260769E-2	9.5124580348E-2
1466	9.5617096165E-2	9.5226759539E-2
1467	9.5740525882E-2	9.535084904E-2
1468	9.5869767004E-2	9.5479026414E-2
1469	9.5989705376E-2	9.5600929461E-2
1470	9.6104210638E-2	9.5714648868E-2
1471	9.6233007132E-2	9.5840164482E-2
1472	9.6353850994E-2	9.5962140871E-2
1473	9.6477957032E-2	9.6085674095E-2
1474	9.6602077538E-2	9.6203695715E-2
1475	9.6720803547E-2	9.6320834763E-2
1476	9.684402443E-2	9.6442729283E-2
1477	9.6969011428E-2	9.6566379139E-2
1478	9.7099202252E-2	9.6694580214E-2
1479	9.7237960274E-2	9.6830659523E-2
1480	9.7358279882E-2	9.6948173948E-2
1481	9.7472347278E-2	9.7061943703E-2
1482	9.7603507692E-2	9.7189726082E-2
1483	9.7729708985E-2	9.7313651924E-2
1484	9.786049696E-2	9.7443025075E-2
1485	9.7981206461E-2	9.7565773625E-2
1486	9.811108283E-2	9.7694877275E-2
1487	9.8253500536E-2	9.7834528219E-2
1488	9.8360279472E-2	9.7944413341E-2
1489	9.8490231752E-2	9.8073356853E-2
1490	9.8628890303E-2	9.8212433547E-2
1491	9.8761530397E-2	9.83456012E-2
1492	9.8919643501E-2	9.8503058192E-2
1493	9.9043990035E-2	9.8626814231E-2
1494	9.916952371E-2	9.875125808E-2
1495	9.9317769697E-2	9.8900512846E-2
1496	9.9463979372E-2	9.9045948069E-2
1497	9.9603236588E-2	9.9186074869E-2
1498	9.9742751982E-2	9.9327248705E-2
1499	9.987234256E-2	9.9458074478E-2
1500	9.9994831759E-2	9.9580783028E-2
1501	1.0013620844E-1	9.9722420957E-2
1502	1.0027392378E-1	9.9864225566E-2
1503	1.0040210968E-1	9.9992098021E-2
1504	1.0052859685E-1	1.0011946032E-1
1505	1.0065210474E-1	1.0024212515E-1
1506	1.0079109122E-1	1.0038061622E-1
1507	1.0093028987E-1	1.0051919919E-1
1508	1.0107385712E-1	1.0066180636E-1
1509	1.0121559653E-1	1.0080482423E-1
1510	1.0135759919E-1	1.0094842184E-1
1511	1.0150116745E-1	1.0109425274E-1
1512	1.0163692611E-1	1.0122827609E-1
1513	1.0178969135E-1	1.0138079419E-1
1514	1.0193998784E-1	1.0152885756E-1
1515	1.0208145479E-1	1.0166942094E-1
1516	1.0220852355E-1	1.0179613158E-1
1517	1.0236080087E-1	1.019469533E-1
1518	1.0250554327E-1	1.0208929083E-1
1519	1.0265886355E-1	1.0224263838E-1
1520	1.0280212419E-1	1.0238832466E-1
1521	1.0295629637E-1	1.0254178044E-1
1522	1.0310603742E-1	1.0268990405E-1
1523	1.0324090532E-1	1.0282274486E-1
1524	1.0338930059E-1	1.0297172803E-1
1525	1.0352584977E-1	1.0310881419E-1
1526	1.0368459403E-1	1.0326525755E-1
1527	1.0383342122E-1	1.0341240102E-1
1528	1.0397985127E-1	1.0356296969E-1
1529	1.0413002527E-1	1.0371350259E-1
1530	1.0425564671E-1	1.0384171668E-1
1531	1.0439297879E-1	1.0397947596E-1
1532	1.0454018519E-1	1.0412414223E-1
1533	1.0469531531E-1	1.0428102238E-1
1534	1.0485718441E-1	1.0444374975E-1
1535	1.0500004654E-1	1.0458851963E-1
1536	1.0513901801E-1	1.0473204497E-1
1537	1.052835059E-1	1.0487747901E-1
1538	1.054317944E-1	1.0503043582E-1
1539	1.0558086742E-1	1.0517920414E-1
1540	1.0575449261E-1	1.0535321569E-1
1541	1.0590384667E-1	1.0550189471E-1
1542	1.060319998E-1	1.0562976597E-1
1543	1.0618097778E-1	1.0577790121E-1
1544	1.0633882737E-1	1.0593593757E-1
1545	1.0648263827E-1	1.0607935093E-1
1546	1.0662198075E-1	1.0621682866E-1
1547	1.0677084507E-1	1.0636482062E-1
1548	1.0690859155E-1	1.0650434639E-1
1549	1.0705026185E-1	1.0664592398E-1
1550	1.072016062E-1	1.0679869139E-1
1551	1.0736195306E-1	1.0696026626E-1
1552	1.0751073203E-1	1.0710779237E-1
1553	1.0767812848E-1	1.0727648902E-1
1554	1.0783235207E-1	1.0743165271E-1
1555	1.0798169683E-1	1.0757988688E-1
1556	1.0813278819E-1	1.0772949385E-1
1557	1.0829564414E-1	1.0789144601E-1
1558	1.0844704833E-1	1.0804001399E-1
1559	1.0860940441E-1	1.0820219501E-1
1560	1.0875636622E-1	1.0834947663E-1
1561	1.0890979574E-1	1.0850625647E-1
1562	1.0906341243E-1	1.0866019748E-1
1563	1.0922361929E-1	1.0882419886E-1
1564	1.0938596525E-1	1.0898653824E-1
1565	1.0954629148E-1	1.0915000496E-1
1566	1.0969093585E-1	1.0929217857E-1
1567	1.098535874E-1	1.0945573448E-1
1568	1.099964325E-1	1.0959841173E-1
1569	1.1014092643E-1	1.0974148523E-1
1570	1.1029398649E-1	1.0989723129E-1
1571	1.1043808595E-1	1.1004150372E-1
1572	1.1059642513E-1	1.1020219197E-1
1573	1.1073488869E-1	1.103381048E-1
1574	1.1087087645E-1	1.1047478523E-1
1575	1.1102538039E-1	1.1062886335E-1
1576	1.111821881E-1	1.1078714065E-1
1577	1.1134544225E-1	1.1094854394E-1
1578	1.1150293231E-1	1.111060138E-1
1579	1.1165444557E-1	1.1125722697E-1
1580	1.1181662594E-1	1.1141868101E-1
1581	1.1198632591E-1	1.1158808766E-1
1582	1.1215852157E-1	1.1176063377E-1
1583	1.1232687977E-1	1.1192869159E-1
1584	1.1248695953E-1	1.1209131087E-1
1585	1.1266068677E-1	1.1226652413E-1
1586	1.1282704825E-1	1.1243133433E-1
1587	1.1297199533E-1	1.1257483837E-1
1588	1.1314124357E-1	1.127475693E-1
1589	1.1333580444E-1	1.1294536761E-1
1590	1.1368739689E-1	1.133057041E-1
1591	1.2071035603E-1	1.204676375E-1
1592	2.6633017209E3	2.7204262053E3
1593	9.6338903037E25	9.8401480548E25

