0	1E0
1	1.0281819092E0
2	1.0080397006E0
3	9.9838353005E-1
4	1.0076298272E0
5	1.0057408348E0
6	1.02587117E0
7	1.0374025874E0
8	1.0702097504E0
9	1.0482301541E0
10	1.0564985016E0
11	1.0619088533E0
12	1.0750206594E0
13	1.0810835023E0
14	1.0940719491E0
15	1.087803949E0
16	1.0901785374E0
17	1.075407402E0
18	1.0690291493E0
19	1.0724642379E0
20	1.0763066459E0
21	1.0735604572E0
22	1.0726252119E0
23	1.0923315869E0
24	1.0867764595E0
25	1.0946007844E0
26	1.0825551856E0
27	1.0931101635E0
28	1.0977914548E0
29	1.1089339704E0
30	1.1059107846E0
31	1.1333917298E0
32	1.131678261E0
33	1.1463001085E0
34	1.1419338655E0
35	1.143466824E0
36	1.1535616594E0
37	1.1671964955E0
38	1.2023334798E0
39	1.2160735624E0
40	1.2098626523E0
41	1.2294085403E0
42	1.2313429134E0
43	1.2310675568E0
44	1.2412391761E0
45	1.2637368669E0
46	1.2551997846E0
47	1.2609116901E0
48	1.2674581406E0
49	1.2457129034E0
50	1.236057621E0
51	1.2328194887E0
52	1.2189631024E0
53	1.2285709768E0
54	1.2371725611E0
55	1.2591276974E0
56	1.2537974989E0
57	1.2517870519E0
58	1.2544513189E0
59	1.2690450607E0
60	1.2601223819E0
61	1.2816532076E0
62	1.2830633474E0
63	1.294124383E0
64	1.2993704211E0
65	1.319624776E0
66	1.3268476462E0
67	1.3387340763E0
68	1.353322252E0
69	1.3588961659E0
70	1.3615572448E0
71	1.3586409894E0
72	1.3760051081E0
73	1.3938624317E0
74	1.4199198713E0
75	1.4229813368E0
76	1.4417013936E0
77	1.4761727648E0
78	1.4739992414E0
79	1.4774314455E0
80	1.4670585189E0
81	1.5105529251E0
82	1.5339949035E0
83	1.5555330395E0
84	1.5638682539E0
85	1.5832539563E0
86	1.5884939942E0
87	1.5941739117E0
88	1.6267563061E0
89	1.6084905066E0
90	1.6084651271E0
91	1.6078457294E0
92	1.6405021426E0
93	1.6879221714E0
94	1.6760160799E0
95	1.7127102167E0
96	1.7361603315E0
97	1.7510428086E0
98	1.758271279E0
99	1.741902185E0
100	1.7395685454E0
101	1.7326972963E0
102	1.7517938791E0
103	1.7788864365E0
104	1.7606803952E0
105	1.7547792746E0
106	1.7580728957E0
107	1.7762280881E0
108	1.8166834556E0
109	1.7954507398E0
110	1.7876259559E0
111	1.8213177386E0
112	1.8227013357E0
113	1.8311579979E0
114	1.8264114835E0
115	1.856288447E0
116	1.8893367685E0
117	1.9000064545E0
118	1.9262407187E0
119	1.9172041466E0
120	1.898063029E0
121	1.8935841202E0
122	1.8800664485E0
123	1.8733357148E0
124	1.8751795475E0
125	1.8717386451E0
126	1.8990393491E0
127	1.8945185513E0
128	1.8731620251E0
129	1.8710291101E0
130	1.8704037876E0
131	1.8971265426E0
132	1.9039589691E0
133	1.9082727974E0
134	1.9322728709E0
135	1.9239607694E0
136	1.9418966338E0
137	1.9289015742E0
138	1.9465360874E0
139	1.9617500545E0
140	1.9436966097E0
141	1.9555067175E0
142	1.9771569332E0
143	2.0274963866E0
144	2.0622552743E0
145	2.082184592E0
146	2.0989724405E0
147	2.1273399626E0
148	2.1468624472E0
149	2.1736683448E0
150	2.1534655736E0
151	2.1447157637E0
152	2.0979344329E0
153	2.0919187997E0
154	2.1043163979E0
155	2.0916409053E0
156	2.1135741392E0
157	2.1061990204E0
158	2.0994300113E0
159	2.1022057997E0
160	2.0618853969E0
161	2.1012542784E0
162	2.1122330818E0
163	2.1446502809E0
164	2.1751527233E0
165	2.1605893372E0
166	2.1757398485E0
167	2.1728728386E0
168	2.162008474E0
169	2.2058273683E0
170	2.2336830039E0
171	2.251681581E0
172	2.2775329709E0
173	2.268665753E0
174	2.253533655E0
175	2.2534678096E0
176	2.2378664673E0
177	2.2835302379E0
178	2.2589118965E0
179	2.2669713839E0
180	2.2967557388E0
181	2.2889728227E0
182	2.3104159373E0
183	2.3550215725E0
184	2.3809484012E0
185	2.4170653251E0
186	2.4579847491E0
187	2.407280482E0
188	2.4173399969E0
189	2.4425663945E0
190	2.458009804E0
191	2.4632828137E0
192	2.5002974829E0
193	2.5338566812E0
194	2.5504294152E0
195	2.5988353944E0
196	2.630901805E0
197	2.5898191795E0
198	2.5986019101E0
199	2.6352315238E0
200	2.6730518816E0
201	2.6726731346E0
202	2.653351345E0
203	2.6778173485E0
204	2.7061775648E0
205	2.7313185092E0
206	2.694179982E0
207	2.7037581109E0
208	2.7152024136E0
209	2.7239636184E0
210	2.6985438182E0
211	2.7264652673E0
212	2.7377510052E0
213	2.7953773431E0
214	2.8129495985E0
215	2.8439127024E0
216	2.8590289901E0
217	2.8825448343E0
218	2.8864009623E0
219	2.9195123574E0
220	2.9113137378E0
221	2.9273843708E0
222	2.9862448884E0
223	3.0435216591E0
224	3.0641438132E0
225	3.093690527E0
226	3.0648041012E0
227	3.07544696E0
228	3.0783067495E0
229	3.0670895341E0
230	3.101512841E0
231	3.1540669039E0
232	3.1445961322E0
233	3.1525952207E0
234	3.1375298169E0
235	3.1210046632E0
236	3.1528686048E0
237	3.167796656E0
238	3.1817975698E0
239	3.2311832202E0
240	3.2641277873E0
241	3.2616509831E0
242	3.2630069627E0
243	3.2640706921E0
244	3.2814836474E0
245	3.3165758062E0
246	3.3951199104E0
247	3.4147103443E0
248	3.4093706959E0
249	3.4070745736E0
250	3.419932002E0
251	3.4013136053E0
252	3.4009282805E0
253	3.4405797314E0
254	3.4685719909E0
255	3.4525849936E0
256	3.466904428E0
257	3.4693657354E0
258	3.4704445773E0
259	3.4929965678E0
260	3.5030748437E0
261	3.5265187666E0
262	3.5635773298E0
263	3.5898028008E0
264	3.6009971287E0
265	3.6199859517E0
266	3.6382958925E0
267	3.5969439182E0
268	3.5612195957E0
269	3.5905337125E0
270	3.6082644247E0
271	3.6553913464E0
272	3.6869053595E0
273	3.7280601523E0
274	3.730314247E0
275	3.7285163782E0
276	3.7374469418E0
277	3.7296245874E0
278	3.7372178224E0
279	3.7199241362E0
280	3.7350655278E0
281	3.7726128038E0
282	3.7736802557E0
283	3.8313164693E0
284	3.8674336988E0
285	3.9037150459E0
286	3.9631707089E0
287	3.9703602945E0
288	3.9834201694E0
289	4.016477877E0
290	4.0354162372E0
291	3.9830038776E0
292	4.0164007882E0
293	4.0378516192E0
294	4.0633952768E0
295	4.1006201297E0
296	4.0686653421E0
297	4.1216333173E0
298	4.1493259215E0
299	4.1141515833E0
300	4.1468843076E0
301	4.1778091969E0
302	4.1503284968E0
303	4.1514095188E0
304	4.2081751489E0
305	4.2018822788E0
306	4.2491660458E0
307	4.318917754E0
308	4.3528340579E0
309	4.3686032767E0
310	4.4175534577E0
311	4.4287590202E0
312	4.4532287111E0
313	4.5147587147E0
314	4.5591857948E0
315	4.548682596E0
316	4.5581556995E0
317	4.5124351806E0
318	4.5031365076E0
319	4.4985606132E0
320	4.5129324873E0
321	4.5211655447E0
322	4.545618852E0
323	4.5115601383E0
324	4.5302404301E0
325	4.5106428032E0
326	4.5101762772E0
327	4.549800437E0
328	4.6175545429E0
329	4.6526507318E0
330	4.7088868181E0
331	4.7674555645E0
332	4.7784103485E0
333	4.7898903388E0
334	4.7902698004E0
335	4.8191183996E0
336	4.8836748101E0
337	4.9343956828E0
338	4.9498309635E0
339	4.9611908844E0
340	5.0099171394E0
341	5.1050255064E0
342	5.2180757315E0
343	5.2550231656E0
344	5.2895821052E0
345	5.3247341775E0
346	5.3517748708E0
347	5.3847484444E0
348	5.4073837496E0
349	5.5025202759E0
350	5.5708929248E0
351	5.5805125191E0
352	5.5698102084E0
353	5.5925925078E0
354	5.6127314781E0
355	5.6539841843E0
356	5.6702399358E0
357	5.7269722176E0
358	5.8144196488E0
359	5.8444583965E0
360	5.8734806725E0
361	5.9115442366E0
362	5.8845131363E0
363	5.9160595767E0
364	5.9550925568E0
365	5.9563480746E0
366	5.9367765183E0
367	5.9883591468E0
368	6.0618752801E0
369	6.1587842756E0
370	6.2054796074E0
371	6.2493994803E0
372	6.3647081348E0
373	6.3831339377E0
374	6.423196403E0
375	6.4255254866E0
376	6.413252979E0
377	6.4525012414E0
378	6.4929868446E0
379	6.470085321E0
380	6.522854375E0
381	6.6230477885E0
382	6.6298684774E0
383	6.6659670104E0
384	6.66422472E0
385	6.7685956182E0
386	6.7878933532E0
387	6.8611071001E0
388	6.8832289736E0
389	6.9304898312E0
390	6.9439453674E0
391	6.9914912974E0
392	6.9494800558E0
393	6.9758326098E0
394	7.0115183967E0
395	7.0291615048E0
396	7.0291810127E0
397	7.0704013344E0
398	7.0792823112E0
399	7.1425986438E0
400	7.2127123256E0
401	7.232746833E0
402	7.2792719308E0
403	7.3056983949E0
404	7.3168793075E0
405	7.4244402804E0
406	7.4962819828E0
407	7.5405515455E0
408	7.534715974E0
409	7.5692656083E0
410	7.6098875069E0
411	7.6845569135E0
412	7.697801561E0
413	7.6706562216E0
414	7.7145942762E0
415	7.8207256597E0
416	7.9057355894E0
417	7.8861079298E0
418	7.9155465517E0
419	7.9138901608E0
420	7.9327045451E0
421	8.0112680638E0
422	8.0192668947E0
423	8.0345499671E0
424	8.0930178467E0
425	8.1304910227E0
426	8.1167022471E0
427	8.1710131875E0
428	8.2133223042E0
429	8.2847261038E0
430	8.2421773108E0
431	8.2283648027E0
432	8.2406852874E0
433	8.3271428504E0
434	8.4337395096E0
435	8.5469173698E0
436	8.5079595683E0
437	8.5646194175E0
438	8.6258075793E0
439	8.6954602747E0
440	8.7536289531E0
441	8.8140570439E0
442	8.8960343622E0
443	8.945220645E0
444	9.0286433757E0
445	9.0173394681E0
446	9.0860599881E0
447	9.1451409631E0
448	9.1585640205E0
449	9.2281353697E0
450	9.2738180024E0
451	9.2759450433E0
452	9.2462012149E0
453	9.3291263599E0
454	9.3631931338E0
455	9.4316864943E0
456	9.4133923556E0
457	9.501453286E0
458	9.5473350136E0
459	9.5381368534E0
460	9.647652038E0
461	9.7297995714E0
462	9.8217875437E0
463	9.8824042379E0
464	9.9210359784E0
465	1.0021279337E1
466	1.0113253063E1
467	1.0200372349E1
468	1.0247674926E1
469	1.0367776959E1
470	1.0349269983E1
471	1.0366548829E1
472	1.0517231739E1
473	1.0623288856E1
474	1.0704191437E1
475	1.075989863E1
476	1.0815391487E1
477	1.0871579671E1
478	1.0922827893E1
479	1.1077808245E1
480	1.1213824484E1
481	1.1336239052E1
482	1.1375870458E1
483	1.1510562272E1
484	1.1564956857E1
485	1.167068915E1
486	1.1729030054E1
487	1.1773150258E1
488	1.1884752794E1
489	1.191965245E1
490	1.196685599E1
491	1.2069499249E1
492	1.2163912806E1
493	1.2165416745E1
494	1.2149262515E1
495	1.2178233518E1
496	1.2327056449E1
497	1.2488361561E1
498	1.254744518E1
499	1.2561631345E1
500	1.2578121288E1
501	1.2676612559E1
502	1.2749688352E1
503	1.2877253631E1
504	1.2829309733E1
505	1.2877253306E1
506	1.2955845191E1
507	1.2977537722E1
508	1.2990941783E1
509	1.2997043455E1
510	1.3130561889E1
511	1.3178796726E1
512	1.3206226317E1
513	1.334437658E1
514	1.3354588719E1
515	1.3417903373E1
516	1.3495203453E1
517	1.348279427E1
518	1.3548224297E1
519	1.3522335919E1
520	1.3586563563E1
521	1.3648026797E1
522	1.3779285891E1
523	1.3842404929E1
524	1.3997230618E1
525	1.4044941417E1
526	1.4051300389E1
527	1.4195861284E1
528	1.4203591297E1
529	1.4256501847E1
530	1.42788754E1
531	1.4478309016E1
532	1.4578620109E1
533	1.4818269566E1
534	1.4986244239E1
535	1.507192699E1
536	1.5179387072E1
537	1.5219269352E1
538	1.5252987487E1
539	1.5289040916E1
540	1.5370567187E1
541	1.5494017377E1
542	1.5552024325E1
543	1.5670687798E1
544	1.569252677E1
545	1.5755230537E1
546	1.5911652917E1
547	1.5914664033E1
548	1.6120997811E1
549	1.6128644412E1
550	1.6183390621E1
551	1.627072408E1
552	1.6392821367E1
553	1.6523411362E1
554	1.6578654354E1
555	1.6705974454E1
556	1.6851774431E1
557	1.6874551368E1
558	1.7049044081E1
559	1.709838421E1
560	1.7188533303E1
561	1.7343927996E1
562	1.7275232229E1
563	1.7352690331E1
564	1.7496017901E1
565	1.7623768761E1
566	1.7741556645E1
567	1.7864731591E1
568	1.79866156E1
569	1.8013016304E1
570	1.8141334743E1
571	1.8370933105E1
572	1.8480617731E1
573	1.8629966946E1
574	1.8751018894E1
575	1.8859072685E1
576	1.8877765904E1
577	1.8968059466E1
578	1.8998173488E1
579	1.9052385016E1
580	1.9104039372E1
581	1.9179816053E1
582	1.9241787583E1
583	1.939195568E1
584	1.9498061388E1
585	1.9577440144E1
586	1.9683176897E1
587	1.9956213421E1
588	2.0060411782E1
589	2.0156074103E1
590	2.0200706485E1
591	2.0263980949E1
592	2.0232472339E1
593	2.0247516484E1
594	2.0424916308E1
595	2.0510788543E1
596	2.0559363523E1
597	2.064519912E1
598	2.0771011378E1
599	2.0890672735E1
600	2.0888131452E1
601	2.0937250698E1
602	2.1047766737E1
603	2.1237065853E1
604	2.1404780377E1
605	2.147130298E1
606	2.1657619233E1
607	2.1778786134E1
608	2.1936413156E1
609	2.2041525752E1
610	2.2171404938E1
611	2.2324166563E1
612	2.2418538655E1
613	2.2627625997E1
614	2.2717676875E1
615	2.2844283892E1
616	2.2838088208E1
617	2.3019779702E1
618	2.3054630165E1
619	2.3131570843E1
620	2.3245400761E1
621	2.3422382056E1
622	2.3336343024E1
623	2.3443411116E1
624	2.3462055686E1
625	2.3626125693E1
626	2.3793096153E1
627	2.3903831601E1
628	2.396859244E1
629	2.4025726886E1
630	2.4130201782E1
631	2.4338061042E1
632	2.4447451116E1
633	2.459188042E1
634	2.4753998189E1
635	2.4865753308E1
636	2.4946724561E1
637	2.494802332E1
638	2.5092345733E1
639	2.5106740876E1
640	2.52817493E1
641	2.5457152567E1
642	2.5574011921E1
643	2.557793913E1
644	2.570246386E1
645	2.5709708202E1
646	2.6006600873E1
647	2.6182682646E1
648	2.6328545957E1
649	2.6427522725E1
650	2.6573962031E1
651	2.6694274872E1
652	2.6701777506E1
653	2.6961302802E1
654	2.7187779436E1
655	2.7149931291E1
656	2.7235181262E1
657	2.7334407935E1
658	2.7485133886E1
659	2.7605239002E1
660	2.7682433098E1
661	2.8002014032E1
662	2.8063367097E1
663	2.8227956662E1
664	2.8406621243E1
665	2.8637462491E1
666	2.8792704676E1
667	2.8898576435E1
668	2.9043748803E1
669	2.9212933288E1
670	2.9587012415E1
671	2.9816236809E1
672	3.0107827145E1
673	3.0361264545E1
674	3.0576762101E1
675	3.079039653E1
676	3.0994041438E1
677	3.1064315305E1
678	3.1269167241E1
679	3.1425768051E1
680	3.1605827372E1
681	3.1771825413E1
682	3.1935457082E1
683	3.2212719626E1
684	3.2278560706E1
685	3.2432183871E1
686	3.2589831054E1
687	3.2648873324E1
688	3.2745569592E1
689	3.2975862874E1
690	3.336502752E1
691	3.3478754986E1
692	3.3597854317E1
693	3.3560663631E1
694	3.3707156856E1
695	3.4059166891E1
696	3.4429545983E1
697	3.4535233096E1
698	3.4515498559E1
699	3.4562520947E1
700	3.4877216199E1
701	3.4957595545E1
702	3.5336607346E1
703	3.5537092499E1
704	3.5781474927E1
705	3.597473639E1
706	3.6276551988E1
707	3.6372439903E1
708	3.6470167911E1
709	3.6660616255E1
710	3.6852058056E1
711	3.7133234063E1
712	3.733622717E1
713	3.7508475079E1
714	3.750764541E1
715	3.7664929525E1
716	3.7901484368E1
717	3.8242525039E1
718	3.8325666764E1
719	3.8592106669E1
720	3.878727322E1
721	3.9054681402E1
722	3.9144767197E1
723	3.9438130915E1
724	3.955504651E1
725	3.9906643262E1
726	4.0384763218E1
727	4.0512896166E1
728	4.0801485956E1
729	4.1019404616E1
730	4.1242851694E1
731	4.1387030873E1
732	4.1592714985E1
733	4.1969230861E1
734	4.2333298659E1
735	4.2487903722E1
736	4.2511400161E1
737	4.269047035E1
738	4.2943874475E1
739	4.3113148292E1
740	4.3336302557E1
741	4.350302531E1
742	4.3481272183E1
743	4.3736416487E1
744	4.3924811544E1
745	4.4039604061E1
746	4.4224179931E1
747	4.4604306812E1
748	4.4780681821E1
749	4.5049261773E1
750	4.524751648E1
751	4.5534914675E1
752	4.5713153483E1
753	4.5814704346E1
754	4.5817252397E1
755	4.6007269546E1
756	4.6242560654E1
757	4.6495213526E1
758	4.6802687602E1
759	4.7002526659E1
760	4.7383501612E1
761	4.7702345764E1
762	4.7787065865E1
763	4.8030517774E1
764	4.8415211489E1
765	4.8493068298E1
766	4.8911603583E1
767	4.907823852E1
768	4.9464764554E1
769	4.9733575852E1
770	4.9792432155E1
771	4.9932919004E1
772	5.0069634411E1
773	5.0304342762E1
774	5.0383983971E1
775	5.0600992031E1
776	5.0644906523E1
777	5.0876145986E1
778	5.102256904E1
779	5.124283338E1
780	5.1411507611E1
781	5.1788655867E1
782	5.1956421475E1
783	5.2063163961E1
784	5.2240354609E1
785	5.2421136197E1
786	5.2928260155E1
787	5.3322022822E1
788	5.3634910589E1
789	5.3919138767E1
790	5.4250026147E1
791	5.458206903E1
792	5.501271471E1
793	5.5219012536E1
794	5.5475921856E1
795	5.5860128888E1
796	5.6045448994E1
797	5.6456633121E1
798	5.6680699132E1
799	5.6969635084E1
800	5.7336368627E1
801	5.7420973502E1
802	5.7555632977E1
803	5.80663371E1
804	5.8487009149E1
805	5.8866496241E1
806	5.9219687298E1
807	5.9421367588E1
808	5.9763255987E1
809	5.9907757166E1
810	6.0205214872E1
811	6.0568373127E1
812	6.096568445E1
813	6.1279677992E1
814	6.1504390814E1
815	6.1682730837E1
816	6.1936892441E1
817	6.2265093614E1
818	6.2841810567E1
819	6.3244318163E1
820	6.3397432314E1
821	6.3670808424E1
822	6.3803117499E1
823	6.4029876949E1
824	6.4445956217E1
825	6.4698359478E1
826	6.5293417637E1
827	6.5364084506E1
828	6.5706964104E1
829	6.589204295E1
830	6.62728035E1
831	6.6718077407E1
832	6.7191400248E1
833	6.7240399795E1
834	6.7843296313E1
835	6.8143043726E1
836	6.8152892531E1
837	6.8348210704E1
838	6.8852343322E1
839	6.878104326E1
840	6.921211879E1
841	6.9602209271E1
842	7.0205071131E1
843	7.0687370463E1
844	7.107788992E1
845	7.1392828579E1
846	7.1874446221E1
847	7.2299004008E1
848	7.2677681723E1
849	7.2981577787E1
850	7.3415500916E1
851	7.3617574255E1
852	7.3912848539E1
853	7.4216497869E1
854	7.4553147828E1
855	7.4878828218E1
856	7.5408339017E1
857	7.5811452948E1
858	7.6192231493E1
859	7.6518285929E1
860	7.6768828508E1
861	7.719115469E1
862	7.7680657318E1
863	7.8195679066E1
864	7.8795192936E1
865	7.9543924775E1
866	8.0247167401E1
867	8.0546866395E1
868	8.0919784846E1
869	8.1515722076E1
870	8.2232563972E1
871	8.2495707771E1
872	8.2620956812E1
873	8.3075487214E1
874	8.3779853365E1
875	8.4074361837E1
876	8.461352187E1
877	8.5101375204E1
878	8.5272415588E1
879	8.5840922007E1
880	8.6187839813E1
881	8.6650451896E1
882	8.7175455693E1
883	8.7828992028E1
884	8.8321326677E1
885	8.8806867973E1
886	8.9028647349E1
887	8.9598076536E1
888	9.011038014E1
889	9.0330060641E1
890	9.097539527E1
891	9.1476854611E1
892	9.2084217196E1
893	9.2669563688E1
894	9.3301420951E1
895	9.3482083107E1
896	9.4310926507E1
897	9.484300842E1
898	9.5212431568E1
899	9.5697850517E1
900	9.6031046833E1
901	9.6307158741E1
902	9.6725402736E1
903	9.6863853828E1
904	9.7676593496E1
905	9.802220628E1
906	9.8683568697E1
907	9.9172160278E1
908	9.9467339626E1
909	1.0008879385E2
910	1.0052725057E2
911	1.0115599839E2
912	1.0147305692E2
913	1.0212874175E2
914	1.0259817005E2
915	1.0326296299E2
916	1.0368693806E2
917	1.0407813432E2
918	1.0444400646E2
919	1.0499325576E2
920	1.0584474651E2
921	1.0658253929E2
922	1.0711102667E2
923	1.0743215329E2
924	1.0799149408E2
925	1.0839648132E2
926	1.0879253041E2
927	1.095245875E2
928	1.1041620608E2
929	1.1115655013E2
930	1.1191001303E2
931	1.1252253944E2
932	1.13011163E2
933	1.1336504168E2
934	1.1359807464E2
935	1.1423413387E2
936	1.1497789994E2
937	1.1555958855E2
938	1.163039996E2
939	1.1676416823E2
940	1.1772694036E2
941	1.1809358656E2
942	1.1885600163E2
943	1.1943242016E2
944	1.2021672302E2
945	1.2080446072E2
946	1.2132717567E2
947	1.2182007974E2
948	1.225357137E2
949	1.2312850389E2
950	1.2368567943E2
951	1.2386673818E2
952	1.2423818771E2
953	1.2482833534E2
954	1.2517217148E2
955	1.2564146321E2
956	1.2622286917E2
957	1.2681208627E2
958	1.2762963104E2
959	1.2831541177E2
960	1.2906690706E2
961	1.2946979045E2
962	1.2997694516E2
963	1.3061706086E2
964	1.3101338006E2
965	1.3185860892E2
966	1.3251498742E2
967	1.3314330469E2
968	1.3378837738E2
969	1.3449679456E2
970	1.3475049848E2
971	1.3564917485E2
972	1.3604922122E2
973	1.3674572502E2
974	1.3789048657E2
975	1.3840249993E2
976	1.3898561973E2
977	1.3932001884E2
978	1.3991367349E2
979	1.4043294999E2
980	1.4066275814E2
981	1.4150131503E2
982	1.4189871425E2
983	1.4244669571E2
984	1.427423095E2
985	1.434897138E2
986	1.4417418913E2
987	1.4456678033E2
988	1.4531486576E2
989	1.4606977219E2
990	1.4721760023E2
991	1.479815481E2
992	1.4874227606E2
993	1.49340694E2
994	1.5021916068E2
995	1.5093899446E2
996	1.5188030253E2
997	1.5269692283E2
998	1.5319849933E2
999	1.5399163758E2
1000	1.5462116559E2
1001	1.5553361346E2
1002	1.5603930305E2
1003	1.5691232105E2
1004	1.5719335474E2
1005	1.578587808E2
1006	1.5813928212E2
1007	1.588081344E2
1008	1.5930433594E2
1009	1.6001398469E2
1010	1.6076354558E2
1011	1.6125365549E2
1012	1.6139475479E2
1013	1.6223515791E2
1014	1.626795936E2
1015	1.6327484429E2
1016	1.6379575249E2
1017	1.6465727502E2
1018	1.6529539222E2
1019	1.6621439821E2
1020	1.6738019808E2
1021	1.6817026898E2
1022	1.6844196622E2
1023	1.6916718858E2
1024	1.6990663852E2
1025	1.70570586E2
1026	1.7119795756E2
1027	1.7222965308E2
1028	1.7278442775E2
1029	1.7353556022E2
1030	1.7452904422E2
1031	1.7556944319E2
1032	1.7615357968E2
1033	1.7679790957E2
1034	1.7751602147E2
1035	1.7815810105E2
1036	1.7852666037E2
1037	1.7939384973E2
1038	1.8009797819E2
1039	1.8097214843E2
1040	1.8160278171E2
1041	1.8253078233E2
1042	1.8319740181E2
1043	1.8347110621E2
1044	1.8419556513E2
1045	1.8441110511E2
1046	1.8505941882E2
1047	1.8582212403E2
1048	1.8656279586E2
1049	1.8731583258E2
1050	1.8790339764E2
1051	1.8853835112E2
1052	1.8944349453E2
1053	1.9057375146E2
1054	1.9142064572E2
1055	1.9222278361E2
1056	1.9307752389E2
1057	1.9374902963E2
1058	1.9406088354E2
1059	1.9481089206E2
1060	1.9553709249E2
1061	1.9635080503E2
1062	1.9704479995E2
1063	1.980031739E2
1064	1.9877448142E2
1065	1.9923806411E2
1066	2.0029984329E2
1067	2.0045551202E2
1068	2.0113548024E2
1069	2.0209600444E2
1070	2.0303652344E2
1071	2.0355617206E2
1072	2.0436644555E2
1073	2.0544286068E2
1074	2.0614307262E2
1075	2.0683227386E2
1076	2.0787154099E2
1077	2.0894355983E2
1078	2.0979133965E2
1079	2.1072273233E2
1080	2.1167847509E2
1081	2.1254563194E2
1082	2.1373357603E2
1083	2.1438555133E2
1084	2.1525304657E2
1085	2.1624779714E2
1086	2.169480123E2
1087	2.1809436946E2
1088	2.188709459E2
1089	2.1972213435E2
1090	2.2037066842E2
1091	2.2125009441E2
1092	2.2220923981E2
1093	2.2273801521E2
1094	2.2367263282E2
1095	2.2475754435E2
1096	2.2614999334E2
1097	2.268232323E2
1098	2.2779135329E2
1099	2.2884561441E2
1100	2.2970834675E2
1101	2.305773856E2
1102	2.318375672E2
1103	2.3310794984E2
1104	2.3384054825E2
1105	2.34815171E2
1106	2.358038137E2
1107	2.3659411185E2
1108	2.3739852413E2
1109	2.3859072054E2
1110	2.3936426659E2
1111	2.4034451048E2
1112	2.413624279E2
1113	2.4245273953E2
1114	2.4314858811E2
1115	2.4387500328E2
1116	2.4475290726E2
1117	2.4545961918E2
1118	2.4661227512E2
1119	2.4780928362E2
1120	2.4882416771E2
1121	2.4949218551E2
1122	2.5020133687E2
1123	2.5109518214E2
1124	2.5209660051E2
1125	2.5337355359E2
1126	2.5485851557E2
1127	2.5569785685E2
1128	2.5683687918E2
1129	2.5782157746E2
1130	2.5877525004E2
1131	2.5977884863E2
1132	2.6081758757E2
1133	2.6187059502E2
1134	2.6307224973E2
1135	2.6366685362E2
1136	2.6476523008E2
1137	2.6576430888E2
1138	2.6647055663E2
1139	2.6734012566E2
1140	2.6819926175E2
1141	2.6941111799E2
1142	2.708945539E2
1143	2.7200376113E2
1144	2.733180263E2
1145	2.7419701807E2
1146	2.7529405074E2
1147	2.7638802635E2
1148	2.7731379792E2
1149	2.7838359896E2
1150	2.7949499337E2
1151	2.8059135386E2
1152	2.8192128332E2
1153	2.8324463815E2
1154	2.8402568872E2
1155	2.8504897684E2
1156	2.8565718522E2
1157	2.8669594071E2
1158	2.8767188623E2
1159	2.8927833084E2
1160	2.9037247892E2
1161	2.912587657E2
1162	2.9233903539E2
1163	2.9335360414E2
1164	2.9454279325E2
1165	2.9561643284E2
1166	2.9666634884E2
1167	2.9778577905E2
1168	2.9891291941E2
1169	3.00077978E2
1170	3.0138207803E2
1171	3.0277502195E2
1172	3.0396074595E2
1173	3.0481422773E2
1174	3.0535614306E2
1175	3.0650186181E2
1176	3.0725720955E2
1177	3.0850780943E2
1178	3.0991828858E2
1179	3.1133524167E2
1180	3.1194314488E2
1181	3.1290751074E2
1182	3.1430418988E2
1183	3.1537923156E2
1184	3.1661988275E2
1185	3.1760480377E2
1186	3.1868631525E2
1187	3.2006686282E2
1188	3.2090242779E2
1189	3.2242239246E2
1190	3.2333307446E2
1191	3.2449072035E2
1192	3.2544359754E2
1193	3.2655855255E2
1194	3.2756590382E2
1195	3.2917790814E2
1196	3.3050978758E2
1197	3.3158876873E2
1198	3.3283766037E2
1199	3.3394868157E2
1200	3.3542966751E2
1201	3.3667628436E2
1202	3.37695062E2
1203	3.3909294223E2
1204	3.4015508514E2
1205	3.4128581337E2
1206	3.4250666101E2
1207	3.4362434127E2
1208	3.4498340057E2
1209	3.4581783221E2
1210	3.4715124444E2
1211	3.485682464E2
1212	3.496398487E2
1213	3.51270147E2
1214	3.5246812072E2
1215	3.5325984445E2
1216	3.5499312118E2
1217	3.56268471E2
1218	3.5771852893E2
1219	3.5851612959E2
1220	3.5979090877E2
1221	3.6059634015E2
1222	3.6174408502E2
1223	3.635284802E2
1224	3.6508034599E2
1225	3.6607721977E2
1226	3.680165907E2
1227	3.6940369976E2
1228	3.7063240707E2
1229	3.715963785E2
1230	3.7265893935E2
1231	3.7390522121E2
1232	3.7529300367E2
1233	3.7711760127E2
1234	3.7857695198E2
1235	3.8038417815E2
1236	3.8196136115E2
1237	3.8328090477E2
1238	3.8497621252E2
1239	3.8591784612E2
1240	3.8750465011E2
1241	3.8888980635E2
1242	3.9088964801E2
1243	3.9203192255E2
1244	3.9367245456E2
1245	3.9526456718E2
1246	3.9660026388E2
1247	3.9808677907E2
1248	3.9900822374E2
1249	4.0012857886E2
1250	4.0145278427E2
1251	4.0273637712E2
1252	4.0413129304E2
1253	4.0489351093E2
1254	4.0615967059E2
1255	4.0737649168E2
1256	4.0835726122E2
1257	4.0978422238E2
1258	4.1141695611E2
1259	4.1274085035E2
1260	4.1370456442E2
1261	4.1465068732E2
1262	4.1602227679E2
1263	4.1711638192E2
1264	4.1833952882E2
1265	4.1978680924E2
1266	4.2118644118E2
1267	4.2278842214E2
1268	4.2356463038E2
1269	4.2504126984E2
1270	4.2606166508E2
1271	4.2755524844E2
1272	4.2908298987E2
1273	4.3078262473E2
1274	4.3232734621E2
1275	4.3380078356E2
1276	4.350070562E2
1277	4.3603788823E2
1278	4.373786311E2
1279	4.3932022571E2
1280	4.4069473777E2
1281	4.4133737319E2
1282	4.432957236E2
1283	4.4469450564E2
1284	4.4585220411E2
1285	4.472477819E2
1286	4.48651528E2
1287	4.5041377024E2
1288	4.5206871094E2
1289	4.5365810398E2
1290	4.5455614225E2
1291	4.5581816821E2
1292	4.5683414549E2
1293	4.5801636934E2
1294	4.5903474348E2
1295	4.6046812463E2
1296	4.6170101193E2
1297	4.6295938766E2
1298	4.6424076449E2
1299	4.6614935145E2
1300	4.6813702598E2
1301	4.6969501962E2
1302	4.7092975595E2
1303	4.7254899895E2
1304	4.7379372812E2
1305	4.7462763959E2
1306	4.7570318027E2
1307	4.7727687984E2
1308	4.7869503033E2
1309	4.8005131206E2
1310	4.81380374E2
1311	4.8255255533E2
1312	4.8436596881E2
1313	4.8603390241E2
1314	4.880900995E2
1315	4.8993255933E2
1316	4.9155597443E2
1317	4.9282575078E2
1318	4.9445234953E2
1319	4.955002337E2
1320	4.9737142327E2
1321	4.986768518E2
1322	5.0040657648E2
1323	5.0205341338E2
1324	5.0384786576E2
1325	5.0531476841E2
1326	5.0624708866E2
1327	5.0817916477E2
1328	5.0977294722E2
1329	5.1133403523E2
1330	5.1306675498E2
1331	5.1401299942E2
1332	5.1558830951E2
1333	5.1710718385E2
1334	5.1891737102E2
1335	5.2041372377E2
1336	5.2204559015E2
1337	5.2329473182E2
1338	5.2513651738E2
1339	5.2629446968E2
1340	5.279579088E2
1341	5.2933136993E2
1342	5.3153329066E2
1343	5.3262636048E2
1344	5.3391411895E2
1345	5.3519648975E2
1346	5.3673298981E2
1347	5.3884846144E2
1348	5.4035285935E2
1349	5.4199998821E2
1350	5.4312415968E2
1351	5.4502457108E2
1352	5.4638942083E2
1353	5.4808745242E2
1354	5.4974653707E2
1355	5.5175416745E2
1356	5.5365138745E2
1357	5.5616153373E2
1358	5.5802331105E2
1359	5.5917680852E2
1360	5.6085105431E2
1361	5.629773598E2
1362	5.6465194426E2
1363	5.6618283961E2
1364	5.670783454E2
1365	5.6834753166E2
1366	5.7044526978E2
1367	5.721589941E2
1368	5.7382755859E2
1369	5.751240567E2
1370	5.761959065E2
1371	5.7816352475E2
1372	5.7945963217E2
1373	5.8086524236E2
1374	5.8253975074E2
1375	5.8386175291E2
1376	5.8526380498E2
1377	5.8726773044E2
1378	5.8919613209E2
1379	5.9127944698E2
1380	5.9285727292E2
1381	5.9495404169E2
1382	5.9645316242E2
1383	5.98052384E2
1384	5.9947862248E2
1385	6.0157016075E2
1386	6.0336318442E2
1387	6.0478718225E2
1388	6.0600982672E2
1389	6.0766553262E2
1390	6.0919860801E2
1391	6.1092524585E2
1392	6.1269943624E2
1393	6.1457738918E2
1394	6.1699784175E2
1395	6.1892719095E2
1396	6.2043906065E2
1397	6.2224041616E2
1398	6.2458438269E2
1399	6.2608143906E2
1400	6.2824556583E2
1401	6.3000075779E2
1402	6.3168438273E2
1403	6.3384394382E2
1404	6.3544099823E2
1405	6.3687052051E2
1406	6.3910160623E2
1407	6.4035694415E2
1408	6.4242701712E2
1409	6.4416032136E2
1410	6.4651502176E2
1411	6.4798446533E2
1412	6.5085496954E2
1413	6.5243741045E2
1414	6.542245365E2
1415	6.5637972421E2
1416	6.5799308972E2
1417	6.6020175903E2
1418	6.6177177739E2
1419	6.6376188029E2
1420	6.6533339919E2
1421	6.6706934578E2
1422	6.6866272822E2
1423	6.7062134117E2
1424	6.7273962257E2
1425	6.7452294211E2
1426	6.7669641546E2
1427	6.7821060328E2
1428	6.8019473459E2
1429	6.8179443638E2
1430	6.8346089008E2
1431	6.853615909E2
1432	6.8761578593E2
1433	6.8965169198E2
1434	6.919070132E2
1435	6.9391124804E2
1436	6.9602491235E2
1437	6.977928808E2
1438	6.9959304147E2
1439	7.0146192755E2
1440	7.0305318681E2
1441	7.0534794881E2
1442	7.0743150811E2
1443	7.0973110501E2
1444	7.1120664755E2
1445	7.1351413828E2
1446	7.1585690201E2
1447	7.1788350895E2
1448	7.1977917676E2
1449	7.2199535777E2
1450	7.242267781E2
1451	7.2614097479E2
1452	7.2817301451E2
1453	7.2975673526E2
1454	7.3179102118E2
1455	7.3413152573E2
1456	7.3570704632E2
1457	7.3720765438E2
1458	7.3881129846E2
1459	7.4080050793E2
1460	7.4310416906E2
1461	7.4538489877E2
1462	7.4724336032E2
1463	7.4922443297E2
1464	7.5091373851E2
1465	7.5302616413E2
1466	7.5524560575E2
1467	7.5733249741E2
1468	7.5890912156E2
1469	7.6070182286E2
1470	7.6285643564E2
1471	7.6499804968E2
1472	7.6668204998E2
1473	7.6795260664E2
1474	7.6974239328E2
1475	7.7167222763E2
1476	7.7380006539E2
1477	7.7505376322E2
1478	7.7730329493E2
1479	7.7963318621E2
1480	7.8179397983E2
1481	7.837945922E2
1482	7.8575120222E2
1483	7.8794234293E2
1484	7.9064835315E2
1485	7.9287061722E2
1486	7.9474392451E2
1487	7.9682901927E2
1488	7.9890451907E2
1489	8.0119679108E2
1490	8.0350256144E2
1491	8.0558666583E2
1492	8.0760330718E2
1493	8.0972042879E2
1494	8.1073453956E2
1495	8.1229613336E2
1496	8.1483543942E2
1497	8.1710682766E2
1498	8.187872966E2
1499	8.2087488466E2
1500	8.2263407184E2
1501	8.2454570527E2
1502	8.2719766609E2
1503	8.292038376E2
1504	8.3120264522E2
1505	8.3369015423E2
1506	8.358582869E2
1507	8.3752538559E2
1508	8.3963336379E2
1509	8.4203773741E2
1510	8.4428617593E2
1511	8.4666338895E2
1512	8.4861674495E2
1513	8.5026724533E2
1514	8.5261373578E2
1515	8.5445073154E2
1516	8.5744159969E2
1517	8.5974676392E2
1518	8.621398392E2
1519	8.6445373672E2
1520	8.6678031361E2
1521	8.698128208E2
1522	8.7207589125E2
1523	8.7431962854E2
1524	8.764270235E2
1525	8.7821622738E2
1526	8.8030978272E2
1527	8.8317855983E2
1528	8.8445301325E2
1529	8.8641229714E2
1530	8.8837151419E2
1531	8.9078596688E2
1532	8.9249411942E2
1533	8.9480764093E2
1534	8.9694108733E2
1535	8.9964405247E2
1536	9.0249711399E2
1537	9.0520645145E2
1538	9.0732154614E2
1539	9.0869787609E2
1540	9.1078654448E2
1541	9.1312220342E2
1542	9.1497466173E2
1543	9.173284788E2
1544	9.1991860089E2
1545	9.2274762513E2
1546	9.2544335963E2
1547	9.2752358082E2
1548	9.303523041E2
1549	9.334375588E2
1550	9.3546692516E2
1551	9.3889406926E2
1552	9.4100272953E2
1553	9.4350271356E2
1554	9.4655058876E2
1555	9.4939477582E2
1556	9.5157442758E2
1557	9.5466941186E2
1558	9.5777159133E2
1559	9.6073613378E2
1560	9.6302098566E2
1561	9.6564618847E2
1562	9.6781433106E2
1563	9.7051526313E2
1564	9.727645956E2
1565	9.7502529802E2
1566	9.7702177744E2
1567	9.7967742903E2
1568	9.814476905E2
1569	9.8333357852E2
1570	9.862337199E2
1571	9.8899518678E2
1572	9.9179235798E2
1573	9.9396834775E2
1574	9.9582965631E2
1575	9.9825728918E2
1576	9.997727415E2
1577	1.0021370158E3
1578	1.0042629423E3
1579	1.0059677307E3
1580	1.0085252334E3
1581	1.011031183E3
1582	1.0135313451E3
1583	1.0157832734E3
1584	1.0178855509E3
1585	1.0201955496E3
1586	1.0225801513E3
1587	1.0250822895E3
1588	1.0281249474E3
1589	1.0310239494E3
1590	1.0335517321E3
1591	1.036359909E3
1592	1.0386067168E3
1593	1.0404644088E3
1594	1.0429226294E3
1595	1.0451906157E3
1596	1.0479006104E3
1597	1.0512685007E3
1598	1.0539814925E3
1599	1.0561700326E3
1600	1.0588009208E3
1601	1.060726096E3
1602	1.0626478025E3
1603	1.0649234987E3
1604	1.0671357209E3
1605	1.0697076575E3
1606	1.071694157E3
1607	1.0737908746E3
1608	1.0760655342E3
1609	1.0781667109E3
1610	1.0809229606E3
1611	1.0838650123E3
1612	1.085935772E3
1613	1.0879450439E3
1614	1.0913942463E3
1615	1.094253781E3
1616	1.0969320645E3
1617	1.100014663E3
1618	1.1018633508E3
1619	1.1038126981E3
1620	1.1069956669E3
1621	1.1094946583E3
1622	1.1118064372E3
1623	1.1140630615E3
1624	1.1176445615E3
1625	1.1194621776E3
1626	1.1216055628E3
1627	1.1244570998E3
1628	1.1270027958E3
1629	1.130014394E3
1630	1.132305392E3
1631	1.1350498424E3
1632	1.1383024046E3
1633	1.1411023572E3
1634	1.1436676733E3
1635	1.1457879467E3
1636	1.1479679682E3
1637	1.1502587488E3
1638	1.1532517111E3
1639	1.155596935E3
1640	1.1576424827E3
1641	1.160366418E3
1642	1.1631849129E3
1643	1.1656332629E3
1644	1.1689103651E3
1645	1.1717690349E3
1646	1.1744300838E3
1647	1.1771353948E3
1648	1.1794817578E3
1649	1.1822191764E3
1650	1.1851910234E3
1651	1.1884886527E3
1652	1.1905757783E3
1653	1.1935627419E3
1654	1.1957614983E3
1655	1.1984728779E3
1656	1.2008607814E3
1657	1.2034215421E3
1658	1.2064707524E3
1659	1.2098468059E3
1660	1.2125808669E3
1661	1.2158656051E3
1662	1.2178833428E3
1663	1.2205232072E3
1664	1.2232970337E3
1665	1.2259454422E3
1666	1.2289775186E3
1667	1.2306778567E3
1668	1.2334578462E3
1669	1.2361059807E3
1670	1.239642083E3
1671	1.2433045239E3
1672	1.2468405994E3
1673	1.2498914697E3
1674	1.2535060217E3
1675	1.2553601621E3
1676	1.2584183574E3
1677	1.2606435733E3
1678	1.2631985909E3
1679	1.2654596893E3
1680	1.2692018842E3
1681	1.271989669E3
1682	1.2754358316E3
1683	1.2792055439E3
1684	1.2817147166E3
1685	1.2847624873E3
1686	1.2869973812E3
1687	1.2895819587E3
1688	1.2928181562E3
1689	1.2957318441E3
1690	1.2991339032E3
1691	1.3022231073E3
1692	1.3045692411E3
1693	1.3072344557E3
1694	1.3103649803E3
1695	1.3133379556E3
1696	1.3158726268E3
1697	1.3201821895E3
1698	1.3229682702E3
1699	1.3259351101E3
1700	1.328589957E3
1701	1.3322046548E3
1702	1.335663343E3
1703	1.3385281631E3
1704	1.3412323424E3
1705	1.343969483E3
1706	1.3478240383E3
1707	1.3500123927E3
1708	1.3527454512E3
1709	1.3559031452E3
1710	1.3594446199E3
1711	1.3628041384E3
1712	1.3652966011E3
1713	1.3678332172E3
1714	1.3707413674E3
1715	1.3743689785E3
1716	1.3771047908E3
1717	1.3798377028E3
1718	1.3827692376E3
1719	1.3853398513E3
1720	1.3883002433E3
1721	1.3903870896E3
1722	1.3929575495E3
1723	1.3957529261E3
1724	1.399335979E3
1725	1.4024462963E3
1726	1.4048793181E3
1727	1.4083177011E3
1728	1.4113203499E3
1729	1.4151445248E3
1730	1.4185997639E3
1731	1.4211661304E3
1732	1.4245126522E3
1733	1.4274490538E3
1734	1.4298796633E3
1735	1.4330995251E3
1736	1.4361715206E3
1737	1.4391395036E3
1738	1.4424117036E3
1739	1.4462095833E3
1740	1.448752908E3
1741	1.4524015754E3
1742	1.4546465709E3
1743	1.4574415135E3
1744	1.4606206593E3
1745	1.463499626E3
1746	1.4665907149E3
1747	1.4696256534E3
1748	1.4722102237E3
1749	1.4755934332E3
1750	1.4783710584E3
1751	1.4806869335E3
1752	1.4848226443E3
1753	1.4879705228E3
1754	1.4917232594E3
1755	1.4947971289E3
1756	1.498059808E3
1757	1.5005221049E3
1758	1.5034288213E3
1759	1.5056792836E3
1760	1.5093245724E3
1761	1.5121854954E3
1762	1.5149097303E3
1763	1.5176435452E3
1764	1.5204167256E3
1765	1.5238893598E3
1766	1.5279786817E3
1767	1.5320172771E3
1768	1.5351800042E3
1769	1.5382421719E3
1770	1.5419053372E3
1771	1.5455042909E3
1772	1.5486590867E3
1773	1.5516062551E3
1774	1.5547468045E3
1775	1.5583087034E3
1776	1.5624235142E3
1777	1.5662576622E3
1778	1.5695113447E3
1779	1.5730913544E3
1780	1.5768395419E3
1781	1.5805201898E3
1782	1.5843084775E3
1783	1.5869989595E3
1784	1.5906457945E3
1785	1.5932994825E3
1786	1.5955758048E3
1787	1.5989308188E3
1788	1.6022574933E3
1789	1.605232421E3
1790	1.6084696037E3
1791	1.6123941113E3
1792	1.6159053682E3
1793	1.6187770131E3
1794	1.6228369857E3
1795	1.6262595662E3
1796	1.6301344267E3
1797	1.632694785E3
1798	1.635611146E3
1799	1.6397260238E3
1800	1.6433060614E3
1801	1.6465772302E3
1802	1.6493308685E3
1803	1.6514856832E3
1804	1.6551220292E3
1805	1.6581447222E3
1806	1.6611196643E3
1807	1.6635535631E3
1808	1.6677458185E3
1809	1.6709704782E3
1810	1.6748029773E3
1811	1.6779820541E3
1812	1.681380716E3
1813	1.6842160318E3
1814	1.6872143362E3
1815	1.6899902015E3
1816	1.693342122E3
1817	1.6972487125E3
1818	1.7007109397E3
1819	1.7036554821E3
1820	1.7073064703E3
1821	1.7101998985E3
1822	1.7140472311E3
1823	1.7176891708E3
1824	1.7214165467E3
1825	1.7238161416E3
1826	1.7265716034E3
1827	1.7302190974E3
1828	1.7342952885E3
1829	1.7375644577E3
1830	1.7405230944E3
1831	1.743700649E3
1832	1.7469400457E3
1833	1.7512439229E3
1834	1.7553737541E3
1835	1.7579625382E3
1836	1.761101656E3
1837	1.7643863642E3
1838	1.7672879206E3
1839	1.7712789046E3
1840	1.7741318902E3
1841	1.7777426676E3
1842	1.7807540615E3
1843	1.78476073E3
1844	1.7880470746E3
1845	1.7913257948E3
1846	1.7945115262E3
1847	1.7983282408E3
1848	1.8017397449E3
1849	1.8048053171E3
1850	1.807902913E3
1851	1.8108748449E3
1852	1.8145619134E3
1853	1.8179987338E3
1854	1.8216787541E3
1855	1.8251790763E3
1856	1.8283507356E3
1857	1.8325354976E3
1858	1.8360770336E3
1859	1.8390364258E3
1860	1.8427477656E3
1861	1.8463870597E3
1862	1.849792509E3
1863	1.8539737853E3
1864	1.8584987495E3
1865	1.8621711162E3
1866	1.8667319746E3
1867	1.8700156383E3
1868	1.8727636703E3
1869	1.8760472576E3
1870	1.8791247309E3
1871	1.8816776346E3
1872	1.8851392929E3
1873	1.888711398E3
1874	1.8926236591E3
1875	1.8962801395E3
1876	1.9005770877E3
1877	1.904519303E3
1878	1.9082583719E3
1879	1.9119155951E3
1880	1.9163671008E3
1881	1.9203861E3
1882	1.9249935936E3
1883	1.9286837696E3
1884	1.9324663009E3
1885	1.9359977783E3
1886	1.9399755699E3
1887	1.9429857979E3
1888	1.9461551547E3
1889	1.9489868707E3
1890	1.9529826621E3
1891	1.9564535554E3
1892	1.9600796546E3
1893	1.9636071343E3
1894	1.9672544212E3
1895	1.9709034299E3
1896	1.9754518105E3
1897	1.9784908601E3
1898	1.9820357995E3
1899	1.9858289295E3
1900	1.9894064626E3
1901	1.9925272448E3
1902	1.9959293279E3
1903	1.9990927539E3
1904	2.002618836E3
1905	2.0058804544E3
1906	2.0096759076E3
1907	2.0122654978E3
1908	2.0156945022E3
1909	2.0196768485E3
1910	2.0219580382E3
1911	2.0257834722E3
1912	2.0286271441E3
1913	2.0319989185E3
1914	2.034554697E3
1915	2.038835428E3
1916	2.042919266E3
1917	2.0466519202E3
1918	2.0502501415E3
1919	2.0541186392E3
1920	2.0579343985E3
1921	2.0616828997E3
1922	2.0656500872E3
1923	2.0686279169E3
1924	2.0719509932E3
1925	2.0762295992E3
1926	2.0804278767E3
1927	2.084633828E3
1928	2.0887190452E3
1929	2.0919785881E3
1930	2.0954453563E3
1931	2.0998915187E3
1932	2.1026937245E3
1933	2.1062253146E3
1934	2.1105658896E3
1935	2.1147836293E3
1936	2.1185323362E3
1937	2.1232730324E3
1938	2.127066254E3
1939	2.13032104E3
1940	2.1348662716E3
1941	2.1387159243E3
1942	2.1433114036E3
1943	2.1467288727E3
1944	2.1492990611E3
1945	2.1531611324E3
1946	2.1572836145E3
1947	2.1618567238E3
1948	2.165096952E3
1949	2.16892137E3
1950	2.17275208E3
1951	2.176277137E3
1952	2.1796153636E3
1953	2.1841679569E3
1954	2.1886634311E3
1955	2.1928214926E3
1956	2.1967473616E3
1957	2.2006439282E3
1958	2.2047925433E3
1959	2.2089063668E3
1960	2.2128110927E3
1961	2.2160457142E3
1962	2.2203558331E3
1963	2.2245805959E3
1964	2.2290281076E3
1965	2.2336988846E3
1966	2.2386613459E3
1967	2.242395844E3
1968	2.2456866516E3
1969	2.2502809456E3
1970	2.2541523711E3
1971	2.2576719188E3
1972	2.2613467636E3
1973	2.2655176152E3
1974	2.2700282082E3
1975	2.2731138629E3
1976	2.2777463551E3
1977	2.2824275611E3
1978	2.2866488071E3
1979	2.289909652E3
1980	2.2949695084E3
1981	2.2987307422E3
1982	2.303406582E3
1983	2.3078299248E3
1984	2.311774972E3
1985	2.3160057136E3
1986	2.3203228422E3
1987	2.324867501E3
1988	2.3294963789E3
1989	2.3339766119E3
1990	2.3377388535E3
1991	2.3412532845E3
1992	2.3451192102E3
1993	2.3490031192E3
1994	2.352698185E3
1995	2.3561981314E3
1996	2.3607941108E3
1997	2.365947962E3
1998	2.3684473174E3
1999	2.3731625711E3
2000	2.3774738454E3
2001	2.3822868916E3
2002	2.3852142752E3
2003	2.3894885242E3
2004	2.3944997141E3
2005	2.3980032683E3
2006	2.4014128431E3
2007	2.4052950688E3
2008	2.4085632057E3
2009	2.4124533452E3
2010	2.4154618974E3
2011	2.4192029499E3
2012	2.4231531035E3
2013	2.4272637818E3
2014	2.4297624443E3
2015	2.4335792454E3
2016	2.437917367E3
2017	2.4421214137E3
2018	2.4464558664E3
2019	2.4509167999E3
2020	2.4559194017E3
2021	2.4607278391E3
2022	2.4647005381E3
2023	2.4691195978E3
2024	2.4736078737E3
2025	2.4780252092E3
2026	2.4823183782E3
2027	2.4875089918E3
2028	2.4920607716E3
2029	2.4971710311E3
2030	2.5016865356E3
2031	2.5050660542E3
2032	2.5090823734E3
2033	2.5130753919E3
2034	2.5175629223E3
2035	2.5222533858E3
2036	2.5268271435E3
2037	2.5317248815E3
2038	2.5358936876E3
2039	2.5407430242E3
2040	2.5450355495E3
2041	2.5495637388E3
2042	2.554196949E3
2043	2.5588598197E3
2044	2.5636608286E3
2045	2.5675803298E3
2046	2.5719245952E3
2047	2.5759762354E3
2048	2.5808117807E3
2049	2.5852645586E3
2050	2.5899950594E3
2051	2.5944311545E3
2052	2.5985962806E3
2053	2.6025607954E3
2054	2.6072134747E3
2055	2.6114055088E3
2056	2.6156736541E3
2057	2.6192201569E3
2058	2.623788657E3
2059	2.6292634725E3
2060	2.6337415756E3
2061	2.6372855692E3
2062	2.6414779001E3
2063	2.6454326665E3
2064	2.6500755542E3
2065	2.6540349971E3
2066	2.658243096E3
2067	2.6623281109E3
2068	2.6669701389E3
2069	2.6714783279E3
2070	2.6757548861E3
2071	2.6808286482E3
2072	2.6857680031E3
2073	2.6889469453E3
2074	2.6929849193E3
2075	2.6973112115E3
2076	2.701280773E3
2077	2.7056596394E3
2078	2.71018759E3
2079	2.7140799461E3
2080	2.7181351015E3
2081	2.7224238344E3
2082	2.7271926428E3
2083	2.7312984791E3
2084	2.7361251795E3
2085	2.7400646502E3
2086	2.7448553695E3
2087	2.74803974E3
2088	2.7515493769E3
2089	2.7561924644E3
2090	2.7593669754E3
2091	2.7642647341E3
2092	2.768642099E3
2093	2.7725714557E3
2094	2.7768940721E3
2095	2.7811782864E3
2096	2.7867910144E3
2097	2.7922506742E3
2098	2.7983561603E3
2099	2.8032885276E3
2100	2.8088576246E3
2101	2.8135898756E3
2102	2.8170360293E3
2103	2.8226534296E3
2104	2.8268616058E3
2105	2.830299242E3
2106	2.833768147E3
2107	2.8382494981E3
2108	2.8428494478E3
2109	2.8466803249E3
2110	2.8511537409E3
2111	2.8555204976E3
2112	2.8596336012E3
2113	2.8630761239E3
2114	2.8676719649E3
2115	2.8718356186E3
2116	2.876411344E3
2117	2.8819641001E3
2118	2.8865841354E3
2119	2.8907830364E3
2120	2.8963185293E3
2121	2.9018901474E3
2122	2.9064101599E3
2123	2.9106383141E3
2124	2.914790904E3
2125	2.9194345358E3
2126	2.9242805247E3
2127	2.927787553E3
2128	2.9339427073E3
2129	2.9388070148E3
2130	2.9428522341E3
2131	2.9467063667E3
2132	2.949885165E3
2133	2.9537719758E3
2134	2.9577749021E3
2135	2.9624169915E3
2136	2.9673184138E3
2137	2.9720216053E3
2138	2.9759337193E3
2139	2.9802960859E3
2140	2.9846983783E3
2141	2.9896030332E3
2142	2.9941721876E3
2143	2.9982096891E3
2144	3.0027808274E3
2145	3.0069578555E3
2146	3.0114262271E3
2147	3.0160429684E3
2148	3.020866809E3
2149	3.0256590862E3
2150	3.0303366299E3
2151	3.0344847419E3
2152	3.0375757515E3
2153	3.0423583778E3
2154	3.0468439448E3
2155	3.0512402312E3
2156	3.0566948543E3
2157	3.0613029876E3
2158	3.06702296E3
2159	3.0713586631E3
2160	3.0764302879E3
2161	3.0816510655E3
2162	3.0857539948E3
2163	3.0904294249E3
2164	3.0952818376E3
2165	3.1017707623E3
2166	3.1063205535E3
2167	3.1111102323E3
2168	3.1157994245E3
2169	3.1210667132E3
2170	3.1256108222E3
2171	3.1303222677E3
2172	3.1345932035E3
2173	3.1385894678E3
2174	3.1427720513E3
2175	3.147989348E3
2176	3.1522718524E3
2177	3.1584689817E3
2178	3.1630212866E3
2179	3.1684917044E3
2180	3.1732354271E3
2181	3.1776368679E3
2182	3.1826512387E3
2183	3.1877802918E3
2184	3.1923134064E3
2185	3.1975738963E3
2186	3.2021139393E3
2187	3.2059777847E3
2188	3.211140393E3
2189	3.2163495782E3
2190	3.2215871223E3
2191	3.2262944718E3
2192	3.2319771015E3
2193	3.2369321105E3
2194	3.241567186E3
2195	3.2467464536E3
2196	3.251788048E3
2197	3.2569749815E3
2198	3.2620732809E3
2199	3.2663587397E3
2200	3.2723866343E3
2201	3.2775578377E3
2202	3.2827959208E3
2203	3.2876156914E3
2204	3.2927617756E3
2205	3.2980158225E3
2206	3.3031366327E3
2207	3.3087164909E3
2208	3.3127478987E3
2209	3.3186488339E3
2210	3.3239447391E3
2211	3.329040206E3
2212	3.3331378734E3
2213	3.3386744771E3
2214	3.3442949759E3
2215	3.34990646E3
2216	3.3547170002E3
2217	3.3597622677E3
2218	3.3642321512E3
2219	3.3699377643E3
2220	3.3755484351E3
2221	3.3793652891E3
2222	3.3858490557E3
2223	3.3903444066E3
2224	3.3947191596E3
2225	3.3985030277E3
2226	3.4024494585E3
2227	3.4070874613E3
2228	3.4114283411E3
2229	3.4172198138E3
2230	3.4219665629E3
2231	3.4263270615E3
2232	3.4310692628E3
2233	3.436093186E3
2234	3.4420020144E3
2235	3.4485158889E3
2236	3.4535237221E3
2237	3.4584919615E3
2238	3.4637275727E3
2239	3.4685293289E3
2240	3.4733755261E3
2241	3.4783396981E3
2242	3.4834834768E3
2243	3.4883419199E3
2244	3.4935934837E3
2245	3.4988988836E3
2246	3.5034882533E3
2247	3.5096815771E3
2248	3.5156613541E3
2249	3.5209822896E3
2250	3.5259362595E3
2251	3.5305991336E3
2252	3.5356903123E3
2253	3.5402365475E3
2254	3.5454018662E3
2255	3.551032377E3
2256	3.5560496446E3
2257	3.5610919958E3
2258	3.5657736377E3
2259	3.5710553931E3
2260	3.5761576488E3
