0	6.960180871E-3	6.960180871E-3
1	1.1350007499E-2	1.1292182489E-2
2	1.4948219998E-2	1.4869649527E-2
3	1.7193408205E-2	1.7073181494E-2
4	2.0244658471E-2	2.0018279664E-2
5	2.3058421794E-2	2.2782476209E-2
6	2.4659021187E-2	2.4361257566E-2
7	2.6184975372E-2	2.5885399666E-2
8	2.6862348138E-2	2.6548454738E-2
9	2.7554366308E-2	2.7244338817E-2
10	2.7941274221E-2	2.7612638287E-2
11	2.8418486688E-2	2.8082949333E-2
12	2.8683745791E-2	2.8339610403E-2
13	2.9090189642E-2	2.8733974312E-2
14	2.9332437945E-2	2.8983375916E-2
15	2.9548974468E-2	2.9203955983E-2
16	2.9850949581E-2	2.9504280054E-2
17	3.0114641014E-2	2.9733446818E-2
18	3.0239273148E-2	2.9845353522E-2
19	3.0500578616E-2	3.0102367898E-2
20	3.0708446129E-2	3.0309286449E-2
21	3.095328069E-2	3.0531510453E-2
22	3.1205542751E-2	3.0797499579E-2
23	3.1348480314E-2	3.094136791E-2
24	3.1523731099E-2	3.1119449183E-2
25	3.1762639494E-2	3.1364362864E-2
26	3.1993431535E-2	3.1588966498E-2
27	3.2254951528E-2	3.1859357688E-2
28	3.2376054137E-2	3.1984140524E-2
29	3.249411437E-2	3.2099167269E-2
30	3.268160456E-2	3.2295519824E-2
31	3.2860881484E-2	3.2468317621E-2
32	3.2982865182E-2	3.2588827277E-2
33	3.3164139349E-2	3.2771723313E-2
34	3.3331284489E-2	3.2947883757E-2
35	3.3514004506E-2	3.3138680419E-2
36	3.3744715743E-2	3.3375804015E-2
37	3.3969523099E-2	3.3621982319E-2
38	3.417841346E-2	3.3855141875E-2
39	3.4357104864E-2	3.4014878725E-2
40	3.4495100963E-2	3.4162461706E-2
41	3.463791561E-2	3.4310692063E-2
42	3.4770878464E-2	3.4435709191E-2
43	3.4922196469E-2	3.4569870125E-2
44	3.5079460815E-2	3.4747728768E-2
45	3.5276970119E-2	3.4940021013E-2
46	3.5471859866E-2	3.5146739014E-2
47	3.5693684348E-2	3.5368637257E-2
48	3.5854196339E-2	3.5533029614E-2
49	3.6097959711E-2	3.5780749704E-2
50	3.6200214468E-2	3.589782903E-2
51	3.647024321E-2	3.6186974435E-2
52	3.6636251018E-2	3.6339051973E-2
53	3.6807458073E-2	3.6511110346E-2
54	3.6981620732E-2	3.6687721858E-2
55	3.7173130357E-2	3.6873159024E-2
56	3.7377823906E-2	3.7102146141E-2
57	3.7553306888E-2	3.7270938847E-2
58	3.7689272868E-2	3.7400863008E-2
59	3.7894595736E-2	3.7608999745E-2
60	3.8102298458E-2	3.7840290002E-2
61	3.8314315605E-2	3.8068050719E-2
62	3.842865684E-2	3.817213199E-2
63	3.863694604E-2	3.8392255339E-2
64	3.8834742812E-2	3.8579882907E-2
65	3.8997887417E-2	3.8740434026E-2
66	3.9165436235E-2	3.8906064585E-2
67	3.9338899604E-2	3.9078958298E-2
68	3.9462299497E-2	3.9220776561E-2
69	3.9628082494E-2	3.9400693798E-2
70	3.9730641618E-2	3.9509988814E-2
71	3.990971232E-2	3.9685111487E-2
72	4.0058326366E-2	3.9847725E-2
73	4.0217559385E-2	4.0000707433E-2
74	4.0345759636E-2	4.0116554042E-2
75	4.0518703131E-2	4.028955145E-2
76	4.0732390437E-2	4.0513569982E-2
77	4.086789822E-2	4.0675169558E-2
78	4.1014345085E-2	4.0802843596E-2
79	4.1183166795E-2	4.0970705984E-2
80	4.1414569965E-2	4.1204597929E-2
81	4.1541875478E-2	4.1336152058E-2
82	4.1675495906E-2	4.1476851966E-2
83	4.1812528512E-2	4.1618641971E-2
84	4.1943825811E-2	4.1749317275E-2
85	4.2091433546E-2	4.1883175115E-2
86	4.221018269E-2	4.1999085327E-2
87	4.2393633008E-2	4.2165673708E-2
88	4.2606347946E-2	4.2378233984E-2
89	4.2743500862E-2	4.2511043708E-2
90	4.2843256726E-2	4.2614127972E-2
91	4.3012581822E-2	4.2778203049E-2
92	4.3211076615E-2	4.2973578889E-2
93	4.333819873E-2	4.3103298503E-2
94	4.3538290122E-2	4.3316024518E-2
95	4.3720260369E-2	4.3506269138E-2
96	4.3853929192E-2	4.3632730282E-2
97	4.4075307689E-2	4.383999166E-2
98	4.4191827657E-2	4.3951576476E-2
99	4.434606303E-2	4.4116082106E-2
100	4.4607243996E-2	4.4384395119E-2
101	4.4791515852E-2	4.455958364E-2
102	4.4894079278E-2	4.4662944212E-2
103	4.503708556E-2	4.4801843075E-2
104	4.5154178089E-2	4.4910980702E-2
105	4.5299605488E-2	4.5054836524E-2
106	4.5432626143E-2	4.5180421218E-2
107	4.569492996E-2	4.5444815252E-2
108	4.5835933909E-2	4.558099573E-2
109	4.5985530265E-2	4.5725603054E-2
110	4.6129477131E-2	4.5869353373E-2
111	4.6355440251E-2	4.6083729503E-2
112	4.6476184629E-2	4.6209947246E-2
113	4.6571057627E-2	4.6312952604E-2
114	4.6732225116E-2	4.6467913419E-2
115	4.6869125064E-2	4.6611809217E-2
116	4.7002463436E-2	4.6744586237E-2
117	4.7150788878E-2	4.6891511135E-2
118	4.7412733098E-2	4.715806834E-2
119	4.7583611487E-2	4.7332667532E-2
120	4.7848481021E-2	4.7599078373E-2
121	4.8090305061E-2	4.7835028245E-2
122	4.8241086914E-2	4.7982822903E-2
123	4.8357889456E-2	4.8091340964E-2
124	4.8522155044E-2	4.8254154293E-2
125	4.8639056822E-2	4.8367552356E-2
126	4.878251394E-2	4.8512757798E-2
127	4.8905111328E-2	4.8629468626E-2
128	4.9081592808E-2	4.8792978852E-2
129	4.9275888305E-2	4.899152597E-2
130	4.9502596478E-2	4.9227950405E-2
131	4.9622436644E-2	4.9343575557E-2
132	4.9828302706E-2	4.9560801523E-2
133	4.9972768028E-2	4.9712044694E-2
134	5.0171682138E-2	4.9914373518E-2
135	5.0328824582E-2	5.007452343E-2
136	5.0573785614E-2	5.0306486413E-2
137	5.0727491691E-2	5.0457910852E-2
138	5.0820305795E-2	5.0561018425E-2
139	5.0961814927E-2	5.0692554997E-2
140	5.1074339561E-2	5.0806061845E-2
141	5.1325248871E-2	5.1036524469E-2
142	5.1497645563E-2	5.1211215678E-2
143	5.1660853364E-2	5.1359986272E-2
144	5.1769999624E-2	5.1476842992E-2
145	5.1876025026E-2	5.1582651432E-2
146	5.2007736401E-2	5.1712902337E-2
147	5.2210744405E-2	5.1902497711E-2
148	5.2300894833E-2	5.2007162958E-2
149	5.2460941042E-2	5.2160921342E-2
150	5.2572341958E-2	5.2272821228E-2
151	5.2724370837E-2	5.2420324938E-2
152	5.2831186687E-2	5.2529068195E-2
153	5.2929860981E-2	5.2622138698E-2
154	5.3073548382E-2	5.2791924218E-2
155	5.3207014254E-2	5.2922178464E-2
156	5.3353118228E-2	5.3042590131E-2
157	5.3546591938E-2	5.3245221029E-2
158	5.3749018057E-2	5.3453680428E-2
159	5.3846737674E-2	5.354764812E-2
160	5.4026114566E-2	5.3721609892E-2
161	5.4173209743E-2	5.3870936547E-2
162	5.432686008E-2	5.4027664085E-2
163	5.4459188526E-2	5.4157176429E-2
164	5.4618986953E-2	5.4317369441E-2
165	5.4869728155E-2	5.4572853355E-2
166	5.5105342373E-2	5.4797474641E-2
167	5.5334173271E-2	5.5038942341E-2
168	5.5535753116E-2	5.5231433296E-2
169	5.5655441425E-2	5.5334872664E-2
170	5.5836041311E-2	5.5506844271E-2
171	5.6122568051E-2	5.5775652952E-2
172	5.6304360929E-2	5.5949583498E-2
173	5.6474517872E-2	5.6106637263E-2
174	5.6643816192E-2	5.6287558673E-2
175	5.6809376561E-2	5.6441748514E-2
176	5.6968738117E-2	5.6590706005E-2
177	5.7133806622E-2	5.6759788501E-2
178	5.7416097782E-2	5.7041233286E-2
179	5.7646516777E-2	5.727564101E-2
180	5.7860539846E-2	5.7492657044E-2
181	5.8100708496E-2	5.7730697435E-2
182	5.8303186909E-2	5.792296518E-2
183	5.8508926166E-2	5.8139412589E-2
184	5.8749125499E-2	5.8385553071E-2
185	5.9015731709E-2	5.8647635487E-2
186	5.9163397605E-2	5.8789211523E-2
187	5.9241409915E-2	5.8884633736E-2
188	5.9426125057E-2	5.9054908579E-2
189	5.9582329441E-2	5.9210824387E-2
190	5.9800665275E-2	5.9412504572E-2
191	5.9912871401E-2	5.9526314399E-2
192	6.0073282227E-2	5.965681195E-2
193	6.0272177876E-2	5.9856030389E-2
194	6.0481243784E-2	6.0066434154E-2
195	6.0600722923E-2	6.0178156099E-2
196	6.0794538301E-2	6.0377464714E-2
197	6.102115683E-2	6.0583419619E-2
198	6.1211308704E-2	6.0759469913E-2
199	6.1395929378E-2	6.0955872187E-2
200	6.1564571074E-2	6.1114651001E-2
201	6.1738937919E-2	6.1291164378E-2
202	6.196534227E-2	6.1523205678E-2
203	6.2132916883E-2	6.1703965113E-2
204	6.2329168464E-2	6.1890432596E-2
205	6.250180409E-2	6.2055214998E-2
206	6.2603209776E-2	6.2158027704E-2
207	6.2875627928E-2	6.2414728658E-2
208	6.3110523123E-2	6.2648926081E-2
209	6.3246117601E-2	6.278487792E-2
210	6.3383202386E-2	6.291574091E-2
211	6.3575398252E-2	6.3112017973E-2
212	6.3730887496E-2	6.3251367304E-2
213	6.3966814402E-2	6.3465694827E-2
214	6.4200923601E-2	6.3701361549E-2
215	6.4436479018E-2	6.3939478981E-2
216	6.4636961473E-2	6.4136359258E-2
217	6.4826436865E-2	6.4319779841E-2
218	6.4980097563E-2	6.44647982E-2
219	6.5150332982E-2	6.4648243201E-2
220	6.5358053803E-2	6.4856324218E-2
221	6.5457363163E-2	6.495147037E-2
222	6.5712796927E-2	6.5211203806E-2
223	6.5882021972E-2	6.5393172612E-2
224	6.6061756327E-2	6.5564007967E-2
225	6.6210940204E-2	6.5707885556E-2
226	6.6338069734E-2	6.5826416511E-2
227	6.6538299098E-2	6.6022205265E-2
228	6.6727380979E-2	6.6201859155E-2
229	6.6912489612E-2	6.6372234462E-2
230	6.7139979023E-2	6.6590001776E-2
231	6.7344057014E-2	6.6793799885E-2
232	6.7540840125E-2	6.6982942551E-2
233	6.7735594391E-2	6.7174907975E-2
234	6.7940554866E-2	6.7363007616E-2
235	6.8074958118E-2	6.748829111E-2
236	6.8270796699E-2	6.767238561E-2
237	6.8441273123E-2	6.7859381859E-2
238	6.8645938261E-2	6.8044433402E-2
239	6.8820507349E-2	6.821126329E-2
240	6.9026095591E-2	6.840485999E-2
241	6.9206677684E-2	6.8570814211E-2
242	6.9362648931E-2	6.8720637235E-2
243	6.9523131088E-2	6.8887853282E-2
244	6.968692672E-2	6.9050517607E-2
245	6.9849788247E-2	6.9210867005E-2
246	7.0043698609E-2	6.9404236255E-2
247	7.0287898178E-2	6.9641208996E-2
248	7.0475443713E-2	6.9841397474E-2
249	7.0644506973E-2	6.9982961247E-2
250	7.0851793909E-2	7.0176043725E-2
251	7.1002458326E-2	7.0319898564E-2
252	7.1120472662E-2	7.0447521078E-2
253	7.1331135238E-2	7.0637966495E-2
254	7.1543993553E-2	7.0835467914E-2
255	7.1833177968E-2	7.113478667E-2
256	7.2035091515E-2	7.133455513E-2
257	7.2302002932E-2	7.1585663411E-2
258	7.2503132523E-2	7.1779830804E-2
259	7.2722404852E-2	7.1980702924E-2
260	7.2959587064E-2	7.2223404526E-2
261	7.3114559116E-2	7.2368152495E-2
262	7.3280443553E-2	7.2530743611E-2
263	7.3477843782E-2	7.2736956604E-2
264	7.3684110232E-2	7.2946115092E-2
265	7.385844195E-2	7.3109340236E-2
266	7.4087360403E-2	7.3311191837E-2
267	7.4267152754E-2	7.348493746E-2
268	7.4453850728E-2	7.3672885794E-2
269	7.4639663345E-2	7.3853607881E-2
270	7.4784630028E-2	7.4003838505E-2
271	7.4982927229E-2	7.4194459514E-2
272	7.5086927999E-2	7.4298136783E-2
273	7.527725623E-2	7.449607524E-2
274	7.5501359498E-2	7.4723963408E-2
275	7.5740804298E-2	7.4962511401E-2
276	7.5930303637E-2	7.5133738487E-2
277	7.6167804112E-2	7.5378695442E-2
278	7.6421585739E-2	7.5615417012E-2
279	7.6611013554E-2	7.5801834486E-2
280	7.6881995853E-2	7.6080230918E-2
281	7.7104952557E-2	7.6292365279E-2
282	7.7317462624E-2	7.6502340986E-2
283	7.7568833396E-2	7.6756148389E-2
284	7.7809832904E-2	7.6997875842E-2
285	7.8086106105E-2	7.7289625573E-2
286	7.8246177334E-2	7.7455430819E-2
287	7.845629618E-2	7.7664925021E-2
288	7.8627976813E-2	7.7852086116E-2
289	7.8875113862E-2	7.8098187361E-2
290	7.9103982515E-2	7.8338710171E-2
291	7.9290238274E-2	7.8518808725E-2
292	7.9469769244E-2	7.8688801755E-2
293	7.9741110623E-2	7.8953434579E-2
294	7.9920999379E-2	7.9116158077E-2
295	8.016270662E-2	7.9364429468E-2
296	8.0385200615E-2	7.9570429667E-2
297	8.0612182675E-2	7.9798308549E-2
298	8.0873562559E-2	8.006548776E-2
299	8.116731487E-2	8.0340556262E-2
300	8.1409290083E-2	8.0581103845E-2
301	8.1686792249E-2	8.0852516653E-2
302	8.1836010838E-2	8.1007754335E-2
303	8.2036679751E-2	8.1193422938E-2
304	8.2212150005E-2	8.1371762662E-2
305	8.2489563255E-2	8.1635599434E-2
306	8.2659614022E-2	8.1796142575E-2
307	8.2846298276E-2	8.1982420177E-2
308	8.3035471151E-2	8.2164466353E-2
309	8.3288126512E-2	8.2405639501E-2
310	8.3504586933E-2	8.2600751074E-2
311	8.3638087531E-2	8.2731816838E-2
312	8.3855335009E-2	8.2950298285E-2
313	8.4145094941E-2	8.3226218041E-2
314	8.4377136694E-2	8.3450977344E-2
315	8.4558425238E-2	8.3628212284E-2
316	8.4713420945E-2	8.3780530626E-2
317	8.4894962251E-2	8.3975527484E-2
318	8.5107345167E-2	8.4193960853E-2
319	8.5330666619E-2	8.4440656197E-2
320	8.5595993189E-2	8.4717271432E-2
321	8.5751029981E-2	8.4879991835E-2
322	8.5957216479E-2	8.5067533705E-2
323	8.6214912886E-2	8.5313866681E-2
324	8.6403551124E-2	8.5499796762E-2
325	8.6656240283E-2	8.5740469332E-2
326	8.6918017518E-2	8.5971957007E-2
327	8.714649312E-2	8.6188521188E-2
328	8.7394505572E-2	8.6439597483E-2
329	8.7553316751E-2	8.6594404389E-2
330	8.7720326994E-2	8.6787586876E-2
331	8.7891521236E-2	8.6946122611E-2
332	8.8044901468E-2	8.7107577231E-2
333	8.8307626297E-2	8.7375196731E-2
334	8.8549646197E-2	8.7582235581E-2
335	8.8718464113E-2	8.7756862252E-2
336	8.8895708336E-2	8.7923383941E-2
337	8.90102384E-2	8.8038093001E-2
338	8.920233862E-2	8.8228754189E-2
339	8.9405135233E-2	8.8429755637E-2
340	8.9593294352E-2	8.8621822265E-2
341	8.9829954901E-2	8.8849585009E-2
342	9.0036422903E-2	8.9050914421E-2
343	9.0228378733E-2	8.924610678E-2
344	9.0435786224E-2	8.9449768923E-2
345	9.0587976657E-2	8.9584897053E-2
346	9.075387848E-2	8.9748625696E-2
347	9.0968287304E-2	8.9959416504E-2
348	9.1152795353E-2	9.0145795358E-2
349	9.140614326E-2	9.0395803731E-2
350	9.1659406729E-2	9.0659020532E-2
351	9.1873196902E-2	9.0870037175E-2
352	9.2135915274E-2	9.1132783469E-2
353	9.2393408922E-2	9.138990795E-2
354	9.2545089794E-2	9.1541875191E-2
355	9.2844460114E-2	9.1811172714E-2
356	9.3136748243E-2	9.208486625E-2
357	9.3320548391E-2	9.2260888199E-2
358	9.3533360829E-2	9.246316075E-2
359	9.3751191666E-2	9.268707757E-2
360	9.3917939737E-2	9.2827639186E-2
361	9.4110060744E-2	9.3028068927E-2
362	9.4284380243E-2	9.320952863E-2
363	9.4381713658E-2	9.3304889301E-2
364	9.4557163082E-2	9.3494642976E-2
365	9.4759591922E-2	9.3679539056E-2
366	9.5022527807E-2	9.3933071656E-2
367	9.5246161417E-2	9.4164453379E-2
368	9.5409361126E-2	9.4331297335E-2
369	9.5594940391E-2	9.4506929197E-2
370	9.5856601511E-2	9.4763672093E-2
371	9.6034039075E-2	9.4922359044E-2
372	9.620902873E-2	9.5100066485E-2
373	9.6433999907E-2	9.5317164173E-2
374	9.6655535398E-2	9.5542801896E-2
375	9.6858434503E-2	9.5761138885E-2
376	9.7044175274E-2	9.5934861003E-2
377	9.7242639563E-2	9.6160154178E-2
378	9.7423879769E-2	9.6342063057E-2
379	9.7595600401E-2	9.6522668522E-2
380	9.7825144005E-2	9.6750077782E-2
381	9.8019438511E-2	9.6944474225E-2
382	9.8231301829E-2	9.7148444054E-2
383	9.8423290426E-2	9.7337250727E-2
384	9.8733557415E-2	9.7638373681E-2
385	9.8993703919E-2	9.7877602645E-2
386	9.9183498205E-2	9.8046149206E-2
387	9.9402460837E-2	9.82709795E-2
388	9.965237466E-2	9.8514430016E-2
389	9.9860071785E-2	9.8707629491E-2
390	1.0012699214E-1	9.8961678125E-2
391	1.0031026094E-1	9.9157029567E-2
392	1.0060948389E-1	9.9452857995E-2
393	1.0076388933E-1	9.9598486081E-2
394	1.0098885856E-1	9.9805049176E-2
395	1.0120797598E-1	1.0003759784E-1
396	1.0139201545E-1	1.0018212158E-1
397	1.017015987E-1	1.0050459322E-1
398	1.0198523122E-1	1.0077862758E-1
399	1.022338824E-1	1.0106371864E-1
400	1.0241423356E-1	1.0125762189E-1
401	1.0266796946E-1	1.0150852628E-1
402	1.0291617881E-1	1.0175162775E-1
403	1.0318031361E-1	1.0202886373E-1
404	1.034222132E-1	1.0225633698E-1
405	1.0372218174E-1	1.0252979101E-1
406	1.0397755E-1	1.027532162E-1
407	1.0426342226E-1	1.0305349791E-1
408	1.0444583828E-1	1.0325848061E-1
409	1.0469251692E-1	1.0352317995E-1
410	1.0493973328E-1	1.0374576775E-1
411	1.0520261689E-1	1.0400790633E-1
412	1.0526703812E-1	1.0408148072E-1
413	1.0556951998E-1	1.0436278583E-1
414	1.0580116618E-1	1.0461664205E-1
415	1.0611275307E-1	1.0493254353E-1
416	1.0633509982E-1	1.051488827E-1
417	1.0649684454E-1	1.053041305E-1
418	1.0668509905E-1	1.0549517094E-1
419	1.0694218099E-1	1.0573170354E-1
420	1.071939737E-1	1.0598457026E-1
421	1.0744654061E-1	1.0623847116E-1
422	1.0771449913E-1	1.0650880139E-1
423	1.0797292378E-1	1.067595353E-1
424	1.0828130428E-1	1.0705975679E-1
425	1.0845611042E-1	1.0724513921E-1
426	1.0865775177E-1	1.0745151085E-1
427	1.0885369556E-1	1.0762152215E-1
428	1.0904648744E-1	1.0781169343E-1
429	1.0922965478E-1	1.0800415553E-1
430	1.0945154498E-1	1.0820377729E-1
431	1.096026932E-1	1.0837827789E-1
432	1.0975064847E-1	1.0851728863E-1
433	1.1001266168E-1	1.0877760979E-1
434	1.1024163185E-1	1.0900086739E-1
435	1.1046654795E-1	1.0923027671E-1
436	1.1061491934E-1	1.0938168111E-1
437	1.1088676473E-1	1.0963869869E-1
438	1.1112594844E-1	1.0985371544E-1
439	1.1136897082E-1	1.1008382889E-1
440	1.1166157562E-1	1.1037509523E-1
441	1.1197134686E-1	1.1067452052E-1
442	1.1216409853E-1	1.1087408913E-1
443	1.1238853584E-1	1.1109117604E-1
444	1.1269894422E-1	1.1138504198E-1
445	1.1296788323E-1	1.1167313323E-1
446	1.1312653121E-1	1.1180039265E-1
447	1.1338830262E-1	1.1203357454E-1
448	1.1357910436E-1	1.1223140564E-1
449	1.1379251337E-1	1.1247465233E-1
450	1.141333579E-1	1.1279582172E-1
451	1.143560573E-1	1.1302011008E-1
452	1.1470323093E-1	1.1337094835E-1
453	1.149251921E-1	1.1360215022E-1
454	1.1517752905E-1	1.1386717666E-1
455	1.1546187618E-1	1.1416312112E-1
456	1.157112586E-1	1.1441363141E-1
457	1.1589045984E-1	1.145872131E-1
458	1.1612578635E-1	1.1482533838E-1
459	1.1632786887E-1	1.1503205566E-1
460	1.1656680724E-1	1.1527392287E-1
461	1.1674351852E-1	1.1546709626E-1
462	1.1697808521E-1	1.1569962706E-1
463	1.1717057449E-1	1.1590516096E-1
464	1.1740959373E-1	1.1616642513E-1
465	1.176169252E-1	1.1638187034E-1
466	1.1778491496E-1	1.1657047612E-1
467	1.1813339264E-1	1.1691939907E-1
468	1.1828149602E-1	1.170874273E-1
469	1.1845249435E-1	1.1726376676E-1
470	1.1866477178E-1	1.1749793996E-1
471	1.1884937817E-1	1.1768061055E-1
472	1.1901801104E-1	1.1786900844E-1
473	1.1928237807E-1	1.1811951686E-1
474	1.1950205072E-1	1.1831625115E-1
475	1.1971821785E-1	1.1850420779E-1
476	1.1994300941E-1	1.1874035822E-1
477	1.2012743681E-1	1.1890717857E-1
478	1.2047696577E-1	1.1926492896E-1
479	1.2072942687E-1	1.1948312047E-1
480	1.2097420679E-1	1.1973898705E-1
481	1.2125698099E-1	1.2002203213E-1
482	1.2149715461E-1	1.2028771872E-1
483	1.2175909372E-1	1.2053767402E-1
484	1.2194996354E-1	1.2074771393E-1
485	1.2219483703E-1	1.2098258365E-1
486	1.2245758489E-1	1.2122453845E-1
487	1.2275086558E-1	1.2151258284E-1
488	1.230582575E-1	1.2181623672E-1
489	1.2331794604E-1	1.2208560319E-1
490	1.235457116E-1	1.2228609617E-1
491	1.2376674539E-1	1.2254016312E-1
492	1.2401104617E-1	1.2277099311E-1
493	1.2425614651E-1	1.2299243938E-1
494	1.2457990335E-1	1.2331629597E-1
495	1.2479194288E-1	1.2352536868E-1
496	1.2511181513E-1	1.2382770689E-1
497	1.2531282888E-1	1.2404645802E-1
498	1.2555497839E-1	1.2429541222E-1
499	1.257457632E-1	1.2447635544E-1
500	1.2595316726E-1	1.2471063237E-1
501	1.261936682E-1	1.2495137078E-1
502	1.264800906E-1	1.2520422621E-1
503	1.2675620947E-1	1.2549082205E-1
504	1.2700561039E-1	1.257437226E-1
505	1.2725831085E-1	1.2598088179E-1
506	1.2757334595E-1	1.2628688927E-1
507	1.2783744137E-1	1.2656412256E-1
508	1.2804145145E-1	1.2676636318E-1
509	1.2833873121E-1	1.2707576347E-1
510	1.286215145E-1	1.2737175768E-1
511	1.288223748E-1	1.2757364094E-1
512	1.2911899097E-1	1.2787664501E-1
513	1.2939888717E-1	1.2813710711E-1
514	1.2964986236E-1	1.2839982638E-1
515	1.2985012547E-1	1.2860830134E-1
516	1.3016722725E-1	1.2894692464E-1
517	1.304970293E-1	1.2928651229E-1
518	1.3071278547E-1	1.2951842691E-1
519	1.3100250619E-1	1.2978916884E-1
520	1.3127857667E-1	1.3008731608E-1
521	1.3165761869E-1	1.3045329232E-1
522	1.3199023276E-1	1.3077211085E-1
523	1.3221434867E-1	1.3102228251E-1
524	1.3246604753E-1	1.3129018194E-1
525	1.3275677431E-1	1.3158086096E-1
526	1.3302965646E-1	1.3184617678E-1
527	1.3329065637E-1	1.3212181435E-1
528	1.3352681799E-1	1.3234485871E-1
529	1.3380502035E-1	1.3260573197E-1
530	1.3417264905E-1	1.3296359258E-1
531	1.3448243176E-1	1.3328715577E-1
532	1.3490526108E-1	1.3370693983E-1
533	1.3519985178E-1	1.3400172797E-1
534	1.3546557484E-1	1.3425938257E-1
535	1.3575410264E-1	1.3456703871E-1
536	1.3613257505E-1	1.3491910749E-1
537	1.3642233193E-1	1.3518000346E-1
538	1.3677821557E-1	1.3554528708E-1
539	1.3708359295E-1	1.3585541985E-1
540	1.3731776994E-1	1.3606552437E-1
541	1.3755358694E-1	1.3630844503E-1
542	1.3779723335E-1	1.3653876966E-1
543	1.3804752989E-1	1.3679726507E-1
544	1.3832076615E-1	1.3705660294E-1
545	1.3863022757E-1	1.3736212735E-1
546	1.3895165477E-1	1.3768798349E-1
547	1.3925073026E-1	1.3798775506E-1
548	1.3947509988E-1	1.3822434358E-1
549	1.3971031083E-1	1.3845912414E-1
550	1.399404302E-1	1.3869469621E-1
551	1.4027413742E-1	1.3899889976E-1
552	1.4056373151E-1	1.3928654234E-1
553	1.4085678755E-1	1.3956157128E-1
554	1.4112697044E-1	1.3983676979E-1
555	1.4137613081E-1	1.4004622793E-1
556	1.4176445394E-1	1.4044620995E-1
557	1.4202230398E-1	1.4070938398E-1
558	1.4231305151E-1	1.4102414553E-1
559	1.4259012423E-1	1.4130841249E-1
560	1.4281055392E-1	1.4152265644E-1
561	1.4309341169E-1	1.4178872541E-1
562	1.4329160306E-1	1.4197872882E-1
563	1.4347114306E-1	1.4213714072E-1
564	1.4390278546E-1	1.4256246679E-1
565	1.4422211167E-1	1.428966495E-1
566	1.4459979188E-1	1.4327685186E-1
567	1.4490775305E-1	1.4359292717E-1
568	1.4515142852E-1	1.4383847031E-1
569	1.453969882E-1	1.4409096344E-1
570	1.4569469927E-1	1.4439538994E-1
571	1.4596159625E-1	1.4465842748E-1
572	1.4611189177E-1	1.4483824549E-1
573	1.4646122926E-1	1.4519170737E-1
574	1.4673777173E-1	1.4548639384E-1
575	1.4701993413E-1	1.4577062426E-1
576	1.473600724E-1	1.4610192607E-1
577	1.4772158247E-1	1.464342153E-1
578	1.4804741657E-1	1.4679543577E-1
579	1.4836069004E-1	1.4712372063E-1
580	1.4865050251E-1	1.4740486301E-1
581	1.4892136552E-1	1.476562946E-1
582	1.492090181E-1	1.4793008877E-1
583	1.4946313579E-1	1.4817002146E-1
584	1.4966527016E-1	1.4838049138E-1
585	1.4996274493E-1	1.4867614619E-1
586	1.5024605119E-1	1.4895425992E-1
587	1.5051594601E-1	1.4921974453E-1
588	1.5079849371E-1	1.4950108479E-1
589	1.5101545527E-1	1.4970965146E-1
590	1.5118183792E-1	1.498837525E-1
591	1.5148417778E-1	1.5018707981E-1
592	1.5171857758E-1	1.5044032833E-1
593	1.520347247E-1	1.5075801864E-1
594	1.5239810448E-1	1.5112957146E-1
595	1.5265538818E-1	1.5139599264E-1
596	1.5292138374E-1	1.5165830925E-1
597	1.5315884117E-1	1.5191434484E-1
598	1.5345668617E-1	1.522146421E-1
599	1.5364774475E-1	1.523828485E-1
600	1.5384134006E-1	1.5256127163E-1
601	1.5410279218E-1	1.5279936378E-1
602	1.543979133E-1	1.5310365504E-1
603	1.5469345985E-1	1.5338568731E-1
604	1.5487918456E-1	1.5357650959E-1
605	1.5510706848E-1	1.5381593114E-1
606	1.5531924128E-1	1.5403129654E-1
607	1.5558881953E-1	1.5433110674E-1
608	1.558371645E-1	1.5457764114E-1
609	1.5613628269E-1	1.5485721549E-1
610	1.5643493948E-1	1.5512979578E-1
611	1.5670043397E-1	1.5535417741E-1
612	1.5695478918E-1	1.5561574763E-1
613	1.5724109241E-1	1.5589037836E-1
614	1.5763261214E-1	1.562393797E-1
615	1.5789485351E-1	1.5648260862E-1
616	1.5817752398E-1	1.5676046319E-1
617	1.5845332597E-1	1.5702957621E-1
618	1.5863862601E-1	1.5721336687E-1
619	1.5891121511E-1	1.5750101591E-1
620	1.5924896035E-1	1.5782692427E-1
621	1.5954296276E-1	1.5810129211E-1
622	1.5985153589E-1	1.5840316135E-1
623	1.6010507443E-1	1.5866625878E-1
624	1.6042212217E-1	1.5896900572E-1
625	1.6075981684E-1	1.59295409E-1
626	1.610642764E-1	1.595895311E-1
627	1.6126772675E-1	1.598039718E-1
628	1.6154250674E-1	1.600835654E-1
629	1.6182569045E-1	1.6035181418E-1
630	1.621420492E-1	1.606393263E-1
631	1.6231725123E-1	1.6080670654E-1
632	1.6260765796E-1	1.6108498373E-1
633	1.6281772839E-1	1.6130537147E-1
634	1.6309279864E-1	1.6159462631E-1
635	1.6337594475E-1	1.6188122211E-1
636	1.6370525633E-1	1.622143141E-1
637	1.6398373035E-1	1.6251472416E-1
638	1.6429976102E-1	1.6283182584E-1
639	1.6448263599E-1	1.6302636087E-1
640	1.6479867262E-1	1.6334044348E-1
641	1.6512066217E-1	1.6364157122E-1
642	1.653706903E-1	1.6384539133E-1
643	1.6567300039E-1	1.6412260507E-1
644	1.6591010212E-1	1.6438470763E-1
645	1.662609329E-1	1.6476400309E-1
646	1.6654199085E-1	1.6504298198E-1
647	1.6686577394E-1	1.6537078192E-1
648	1.6727067194E-1	1.6576389811E-1
649	1.6760561683E-1	1.6610145682E-1
650	1.6795631938E-1	1.6643190573E-1
651	1.6827471062E-1	1.6679912321E-1
652	1.6853650433E-1	1.6707339885E-1
653	1.6893270931E-1	1.6746643419E-1
654	1.6922264397E-1	1.6773814505E-1
655	1.6949692501E-1	1.6802405979E-1
656	1.6981880849E-1	1.6834934802E-1
657	1.7012787638E-1	1.6867053457E-1
658	1.7056717993E-1	1.6913253086E-1
659	1.708659474E-1	1.694155942E-1
660	1.712111433E-1	1.6975542914E-1
661	1.7151062354E-1	1.7006126993E-1
662	1.7183959089E-1	1.7039133423E-1
663	1.7216914848E-1	1.707500352E-1
664	1.7243041589E-1	1.710058818E-1
665	1.7272613615E-1	1.7128074751E-1
666	1.7304463068E-1	1.715879187E-1
667	1.7325409466E-1	1.7183156449E-1
668	1.7358104286E-1	1.721637963E-1
669	1.7377179028E-1	1.7235792265E-1
670	1.7395656924E-1	1.7253271487E-1
671	1.7435200776E-1	1.7292497972E-1
672	1.7469299168E-1	1.7324576932E-1
673	1.7496037047E-1	1.735067367E-1
674	1.7521330646E-1	1.737813383E-1
675	1.7544439288E-1	1.7401145899E-1
676	1.7569141684E-1	1.7426335356E-1
677	1.7609828661E-1	1.7466750003E-1
678	1.7637830807E-1	1.7494610897E-1
679	1.7669008102E-1	1.7524713207E-1
680	1.7700068392E-1	1.7554955481E-1
681	1.7725157209E-1	1.7578947899E-1
682	1.7748964346E-1	1.7604199479E-1
683	1.7775511668E-1	1.7630932498E-1
684	1.7809004617E-1	1.7663457681E-1
685	1.7836975006E-1	1.7691754693E-1
686	1.786124874E-1	1.7716378558E-1
687	1.7894198121E-1	1.7749469587E-1
688	1.7919038905E-1	1.7773435152E-1
689	1.7955298248E-1	1.7806285765E-1
690	1.7984180217E-1	1.7832664802E-1
691	1.801458872E-1	1.7862736205E-1
692	1.8050945014E-1	1.7896356203E-1
693	1.8087123134E-1	1.7931624015E-1
694	1.8109393529E-1	1.7953879842E-1
695	1.8148862943E-1	1.7990914473E-1
696	1.8176633078E-1	1.8016581641E-1
697	1.8206586722E-1	1.8047811491E-1
698	1.8234279451E-1	1.8074606801E-1
699	1.8274292703E-1	1.8109834379E-1
700	1.8299534426E-1	1.8134230633E-1
701	1.833024697E-1	1.8162702911E-1
702	1.8364264176E-1	1.8196047064E-1
703	1.839244344E-1	1.8223668461E-1
704	1.8435525941E-1	1.8264356325E-1
705	1.8477797001E-1	1.830795707E-1
706	1.8509386217E-1	1.8342060547E-1
707	1.854428191E-1	1.8376837106E-1
708	1.8573311605E-1	1.8406858105E-1
709	1.8623826689E-1	1.8455856456E-1
710	1.8662360781E-1	1.8493337585E-1
711	1.8694822638E-1	1.8526263321E-1
712	1.873583504E-1	1.8566200271E-1
713	1.876451177E-1	1.8594789156E-1
714	1.8795315661E-1	1.8626297096E-1
715	1.8830766776E-1	1.8660303701E-1
716	1.8863446122E-1	1.8691211332E-1
717	1.8889032012E-1	1.8715876394E-1
718	1.8923656925E-1	1.8748650941E-1
719	1.8942236518E-1	1.8767941467E-1
720	1.8980447379E-1	1.8804285999E-1
721	1.9019740959E-1	1.8841252267E-1
722	1.9059867209E-1	1.8881836654E-1
723	1.909268355E-1	1.8915482281E-1
724	1.9127056677E-1	1.8950377812E-1
725	1.9161522324E-1	1.8984368572E-1
726	1.9204175634E-1	1.9025148358E-1
727	1.9236923527E-1	1.9056973059E-1
728	1.9269601025E-1	1.9089910483E-1
729	1.9297662594E-1	1.911778164E-1
730	1.9325410369E-1	1.9144701587E-1
731	1.9365713128E-1	1.9184557766E-1
732	1.9399913679E-1	1.9218288823E-1
733	1.9431869615E-1	1.9250364472E-1
734	1.9462842139E-1	1.9280524546E-1
735	1.9491771583E-1	1.930747388E-1
736	1.9515796271E-1	1.9330733866E-1
737	1.9547359728E-1	1.9362619053E-1
738	1.9574412804E-1	1.9389452456E-1
739	1.9607010426E-1	1.9421760595E-1
740	1.9638846381E-1	1.9453629508E-1
741	1.9670094163E-1	1.9484322866E-1
742	1.970840972E-1	1.9521784716E-1
743	1.9739280972E-1	1.9552774098E-1
744	1.9774195656E-1	1.9588246989E-1
745	1.9808711871E-1	1.962279528E-1
746	1.9836537214E-1	1.9649900986E-1
747	1.9877538545E-1	1.9690085679E-1
748	1.9910064069E-1	1.9726001887E-1
749	1.9948047338E-1	1.9765866903E-1
750	1.9974862717E-1	1.9794167125E-1
751	2.000885982E-1	1.9828385184E-1
752	2.0048024726E-1	1.9866225342E-1
753	2.0089608454E-1	1.9904851823E-1
754	2.0117281942E-1	1.9933992027E-1
755	2.0140100865E-1	1.9955692985E-1
756	2.0172452574E-1	1.9988267372E-1
757	2.0204807321E-1	2.0020370893E-1
758	2.0242744144E-1	2.0059007551E-1
759	2.0272499884E-1	2.0088717021E-1
760	2.0300624807E-1	2.0114599101E-1
761	2.0331552993E-1	2.0145131113E-1
762	2.0357245555E-1	2.0170463018E-1
763	2.0398746106E-1	2.0213342686E-1
764	2.0429016941E-1	2.0244993649E-1
765	2.0454986926E-1	2.026971545E-1
766	2.0489054774E-1	2.0303907363E-1
767	2.0525782705E-1	2.0337402016E-1
768	2.056186478E-1	2.03714883E-1
769	2.060014925E-1	2.0408987982E-1
770	2.0636940121E-1	2.0443283429E-1
771	2.0671983275E-1	2.0479414127E-1
772	2.0703567297E-1	2.0509167541E-1
773	2.0732434711E-1	2.0538936142E-1
774	2.076987632E-1	2.0576120378E-1
775	2.079893407E-1	2.0604421244E-1
776	2.0832909238E-1	2.0641044128E-1
777	2.0865601452E-1	2.0671981777E-1
778	2.0892673401E-1	2.0701008007E-1
779	2.09233656E-1	2.0729180463E-1
780	2.0956009023E-1	2.0763038568E-1
781	2.0984766227E-1	2.0789746248E-1
782	2.1019099678E-1	2.0824516627E-1
783	2.1042790034E-1	2.0848942982E-1
784	2.1074253653E-1	2.0878874014E-1
785	2.1105465064E-1	2.0908989206E-1
786	2.1133000814E-1	2.0935953316E-1
787	2.1166284728E-1	2.0969738562E-1
788	2.1194984813E-1	2.0996813012E-1
789	2.1231857905E-1	2.1033351174E-1
790	2.1266353348E-1	2.1067001688E-1
791	2.1297077844E-1	2.1097694801E-1
792	2.1319759994E-1	2.1122262289E-1
793	2.1352623072E-1	2.1154372875E-1
794	2.1395062195E-1	2.1197168868E-1
795	2.1430706548E-1	2.1232927408E-1
796	2.1465826165E-1	2.1264841104E-1
797	2.14970645E-1	2.1294469426E-1
798	2.1526263873E-1	2.1323690421E-1
799	2.1555431308E-1	2.134976386E-1
800	2.1585109019E-1	2.1379783785E-1
801	2.1611087062E-1	2.1405431404E-1
802	2.1643095086E-1	2.1439220247E-1
803	2.1673228888E-1	2.1468730303E-1
804	2.1707832317E-1	2.1504120694E-1
805	2.1737294928E-1	2.1534688989E-1
806	2.1763937815E-1	2.1560494153E-1
807	2.179035453E-1	2.1585540464E-1
808	2.1822707272E-1	2.1616035477E-1
809	2.1867278142E-1	2.1659036649E-1
810	2.1891330056E-1	2.1682213262E-1
811	2.1926322627E-1	2.1713634998E-1
812	2.1956899351E-1	2.1743223373E-1
813	2.1994851942E-1	2.1783348829E-1
814	2.2027062816E-1	2.1815558883E-1
815	2.2064236182E-1	2.1852314584E-1
816	2.2093586282E-1	2.188191647E-1
817	2.2131863293E-1	2.1921928553E-1
818	2.2157849621E-1	2.1947664454E-1
819	2.2184331866E-1	2.1972897034E-1
820	2.2227409514E-1	2.2013756581E-1
821	2.2266725555E-1	2.2055185323E-1
822	2.2298968677E-1	2.2086726949E-1
823	2.2337283767E-1	2.2122239274E-1
824	2.2372570743E-1	2.2155702659E-1
825	2.240102715E-1	2.21828072E-1
826	2.2438358919E-1	2.221756158E-1
827	2.2474464736E-1	2.225372496E-1
828	2.2510317583E-1	2.2289092291E-1
829	2.2541683446E-1	2.2321545104E-1
830	2.2576360466E-1	2.2355736553E-1
831	2.2599483019E-1	2.2380367826E-1
832	2.2641603411E-1	2.2423622388E-1
833	2.2679857716E-1	2.2460574363E-1
834	2.2709663539E-1	2.2489115282E-1
835	2.2746061693E-1	2.2523694914E-1
836	2.2788319474E-1	2.2563821616E-1
837	2.2819747138E-1	2.2595278497E-1
838	2.285843686E-1	2.2630442978E-1
839	2.2891344835E-1	2.2661846881E-1
840	2.2916537335E-1	2.2685777466E-1
841	2.294603163E-1	2.2715074276E-1
842	2.2981405034E-1	2.2751032586E-1
843	2.3013038199E-1	2.2780238686E-1
844	2.3052937631E-1	2.2820613708E-1
845	2.3089191839E-1	2.2858508908E-1
846	2.3126807757E-1	2.2894545095E-1
847	2.3162674622E-1	2.2930632354E-1
848	2.3192631711E-1	2.2960303035E-1
849	2.3217244484E-1	2.29826747E-1
850	2.3250528309E-1	2.3015402327E-1
851	2.328471453E-1	2.3046348185E-1
852	2.3318650951E-1	2.3078385111E-1
853	2.3358174346E-1	2.3119137756E-1
854	2.3390966093E-1	2.3148733407E-1
855	2.3422687845E-1	2.3177323358E-1
856	2.3470253118E-1	2.3221093768E-1
857	2.3516999266E-1	2.3264578606E-1
858	2.3557164564E-1	2.3308460985E-1
859	2.3606717218E-1	2.3356806938E-1
860	2.3650649172E-1	2.339934505E-1
861	2.3689110713E-1	2.343758142E-1
862	2.37229989E-1	2.3470679193E-1
863	2.376531829E-1	2.3511548106E-1
864	2.3803322172E-1	2.3549609294E-1
865	2.383156251E-1	2.357555704E-1
866	2.3867460617E-1	2.3610029249E-1
867	2.3913926932E-1	2.365313645E-1
868	2.3946426488E-1	2.3687570341E-1
869	2.3976466362E-1	2.3716632856E-1
870	2.4016653689E-1	2.3756650308E-1
871	2.4053354277E-1	2.3791574731E-1
872	2.4095268293E-1	2.3835477536E-1
873	2.4122723513E-1	2.3866744918E-1
874	2.4162395967E-1	2.3906126881E-1
875	2.4185893418E-1	2.3930771481E-1
876	2.4226380062E-1	2.3972889004E-1
877	2.4257895506E-1	2.4002219206E-1
878	2.4297783093E-1	2.4042166521E-1
879	2.4329198916E-1	2.4074682914E-1
880	2.4372509626E-1	2.4116530571E-1
881	2.4412122783E-1	2.4157929001E-1
882	2.4449494033E-1	2.4194898812E-1
883	2.4488753607E-1	2.4234897424E-1
884	2.4532837259E-1	2.4275323526E-1
885	2.4574256756E-1	2.4316155336E-1
886	2.4613799912E-1	2.4352033533E-1
887	2.464657761E-1	2.4385392029E-1
888	2.4678123157E-1	2.4417561948E-1
889	2.4714408434E-1	2.445338896E-1
890	2.4751329284E-1	2.4492230036E-1
891	2.4792306678E-1	2.4534392207E-1
892	2.4831609236E-1	2.4574725571E-1
893	2.4865357824E-1	2.4606951208E-1
894	2.4906030668E-1	2.4648846321E-1
895	2.4950397747E-1	2.4693167754E-1
896	2.4985132631E-1	2.4727386111E-1
897	2.5020887667E-1	2.4762077485E-1
898	2.50661321E-1	2.4808741209E-1
899	2.5097150316E-1	2.4840482156E-1
900	2.5137461291E-1	2.4881133621E-1
901	2.5176606519E-1	2.492091575E-1
902	2.5221335568E-1	2.4963424058E-1
903	2.5259397968E-1	2.5002417787E-1
904	2.5298280021E-1	2.5040870409E-1
905	2.5341051146E-1	2.5083358861E-1
906	2.5378287523E-1	2.511890917E-1
907	2.5405897095E-1	2.5148237061E-1
908	2.5445639725E-1	2.5186901383E-1
909	2.548728028E-1	2.5230754205E-1
910	2.5535048592E-1	2.5277854357E-1
911	2.5581760213E-1	2.5324593335E-1
912	2.5621110882E-1	2.5364005977E-1
913	2.5657349695E-1	2.5399741652E-1
914	2.5697902287E-1	2.5438668277E-1
915	2.57318665E-1	2.5472474974E-1
916	2.5768829515E-1	2.5507174978E-1
917	2.5809468914E-1	2.5547231606E-1
918	2.5842448627E-1	2.558000123E-1
919	2.5889828671E-1	2.5628210539E-1
920	2.5931530169E-1	2.5669407815E-1
921	2.5969309371E-1	2.5707061456E-1
922	2.6011486206E-1	2.5747178705E-1
923	2.6047069323E-1	2.5781319415E-1
924	2.6086322846E-1	2.5822072002E-1
925	2.6128251575E-1	2.5863087871E-1
926	2.6166014218E-1	2.5899410759E-1
927	2.6212758088E-1	2.594664913E-1
928	2.6247308867E-1	2.5979924933E-1
929	2.6271382737E-1	2.6005639562E-1
930	2.6325704866E-1	2.6059988173E-1
931	2.6372202745E-1	2.6105038802E-1
932	2.6417568916E-1	2.6148388386E-1
933	2.6449394796E-1	2.6180030654E-1
934	2.6500495971E-1	2.6234972753E-1
935	2.6551757701E-1	2.6285162009E-1
936	2.6585247433E-1	2.6317843347E-1
937	2.6621502885E-1	2.6354368448E-1
938	2.6653838046E-1	2.6387276522E-1
939	2.6700233495E-1	2.6432417455E-1
940	2.6745477122E-1	2.6479074505E-1
941	2.6788578439E-1	2.6519883603E-1
942	2.6824775145E-1	2.6555904898E-1
943	2.6875021196E-1	2.6605600361E-1
944	2.6913441395E-1	2.6643798474E-1
945	2.694519191E-1	2.6672244453E-1
946	2.6983545848E-1	2.671125181E-1
947	2.7017978549E-1	2.6747683045E-1
948	2.7050938147E-1	2.6776710178E-1
949	2.709692606E-1	2.6821493872E-1
950	2.7128100819E-1	2.6856257616E-1
951	2.7163100454E-1	2.6890740077E-1
952	2.7200073179E-1	2.6927556342E-1
953	2.7248601135E-1	2.6973726862E-1
954	2.7280030512E-1	2.7005520724E-1
955	2.7319087127E-1	2.7039096402E-1
956	2.7370054336E-1	2.7090380368E-1
957	2.7406317275E-1	2.7125168886E-1
958	2.7442623481E-1	2.7160757042E-1
959	2.7483790723E-1	2.7199627838E-1
960	2.752913096E-1	2.7247409159E-1
961	2.7573794907E-1	2.7290221111E-1
962	2.7609726039E-1	2.7325421734E-1
963	2.7655191031E-1	2.7369615993E-1
964	2.7686805932E-1	2.740044132E-1
965	2.7727693389E-1	2.7441047797E-1
966	2.7767299098E-1	2.7480361421E-1
967	2.7807056138E-1	2.7521301391E-1
968	2.7851852961E-1	2.7567745081E-1
969	2.7894756604E-1	2.7608379093E-1
970	2.7928940057E-1	2.7644186737E-1
971	2.7971014601E-1	2.7684025851E-1
972	2.8002856915E-1	2.7714869806E-1
973	2.8045574699E-1	2.7758541321E-1
974	2.8092977824E-1	2.7804788048E-1
975	2.8129204884E-1	2.7842278542E-1
976	2.8158286304E-1	2.787027213E-1
977	2.819729075E-1	2.7908694264E-1
978	2.8246044953E-1	2.7957276132E-1
979	2.8282245749E-1	2.7995308697E-1
980	2.8321301019E-1	2.8031239431E-1
981	2.836699402E-1	2.807539404E-1
982	2.8400053517E-1	2.8107394284E-1
983	2.8428847526E-1	2.8135485747E-1
984	2.8475426287E-1	2.8181648424E-1
985	2.8523345326E-1	2.8230130823E-1
986	2.855475394E-1	2.8260972556E-1
987	2.8590968678E-1	2.8297802992E-1
988	2.8631607806E-1	2.8337205019E-1
989	2.8686471785E-1	2.8392991576E-1
990	2.873468746E-1	2.8439984928E-1
991	2.8777860812E-1	2.8482710768E-1
992	2.8821017941E-1	2.8526046975E-1
993	2.8867457662E-1	2.8571278668E-1
994	2.8916155503E-1	2.8622554791E-1
995	2.8957031104E-1	2.8662154124E-1
996	2.9000441738E-1	2.8704833117E-1
997	2.9048609416E-1	2.8752182498E-1
998	2.9091168884E-1	2.8796648785E-1
999	2.913922501E-1	2.8845297937E-1
1000	2.9180541654E-1	2.88862645E-1
1001	2.9221398358E-1	2.8926000949E-1
1002	2.9273321586E-1	2.8978067443E-1
1003	2.9311675963E-1	2.9015308442E-1
1004	2.9358729014E-1	2.9061470479E-1
1005	2.9406313696E-1	2.9107735116E-1
1006	2.9450461488E-1	2.9156698866E-1
1007	2.949605323E-1	2.9203687057E-1
1008	2.9539120224E-1	2.9248180861E-1
1009	2.9587017815E-1	2.9297703098E-1
1010	2.9635294171E-1	2.934950388E-1
1011	2.9677302374E-1	2.9392045003E-1
1012	2.9723092849E-1	2.9437494003E-1
1013	2.9765037781E-1	2.947806198E-1
1014	2.9809787312E-1	2.952317554E-1
1015	2.9840894106E-1	2.9556069131E-1
1016	2.9881510052E-1	2.9596040928E-1
1017	2.9932450497E-1	2.9645205227E-1
1018	2.9981124567E-1	2.9692443324E-1
1019	3.0017373739E-1	2.9727742905E-1
1020	3.0062120301E-1	2.9770921575E-1
1021	3.0098924724E-1	2.9809683973E-1
1022	3.0139940943E-1	2.9851485735E-1
1023	3.0176026434E-1	2.9887547555E-1
1024	3.0223180985E-1	2.9933045263E-1
1025	3.0264294021E-1	2.9973032721E-1
1026	3.0304724904E-1	3.0012910717E-1
1027	3.0350621627E-1	3.0057600067E-1
1028	3.0399262075E-1	3.0105623952E-1
1029	3.0450390178E-1	3.0157186567E-1
1030	3.0487817362E-1	3.0193124948E-1
1031	3.0537613269E-1	3.0238770546E-1
1032	3.0582511267E-1	3.028306846E-1
1033	3.0620445479E-1	3.0320375585E-1
1034	3.0656117537E-1	3.0356711042E-1
1035	3.0694190908E-1	3.0396257021E-1
1036	3.0747233675E-1	3.0448996289E-1
1037	3.0783895551E-1	3.0486402224E-1
1038	3.0837628226E-1	3.0538694102E-1
1039	3.0876154281E-1	3.057621997E-1
1040	3.0918608346E-1	3.061671088E-1
1041	3.0953777015E-1	3.065107032E-1
1042	3.1003688065E-1	3.0703290383E-1
1043	3.1058185161E-1	3.0759537139E-1
1044	3.1098712193E-1	3.0800616528E-1
1045	3.1149871528E-1	3.0851769144E-1
1046	3.119463523E-1	3.0894929017E-1
1047	3.1241960481E-1	3.0941437884E-1
1048	3.1297168102E-1	3.0995398337E-1
1049	3.1330021525E-1	3.1028949849E-1
1050	3.1385755453E-1	3.1081579918E-1
1051	3.1421563963E-1	3.1116736779E-1
1052	3.1462020298E-1	3.115503913E-1
1053	3.151377521E-1	3.1205806168E-1
1054	3.1556967777E-1	3.1246306944E-1
1055	3.1600502951E-1	3.1289243716E-1
1056	3.164925292E-1	3.1335776762E-1
1057	3.1695447061E-1	3.1380257566E-1
1058	3.1747113538E-1	3.1429483488E-1
1059	3.1790002286E-1	3.1471167426E-1
1060	3.1837479052E-1	3.1519084918E-1
1061	3.1882796486E-1	3.1561928866E-1
1062	3.192672252E-1	3.1606495518E-1
1063	3.1975497702E-1	3.1656586125E-1
1064	3.2017955947E-1	3.1702692132E-1
1065	3.2074838257E-1	3.1763986728E-1
1066	3.2117206356E-1	3.1807459741E-1
1067	3.2149849993E-1	3.1842965355E-1
1068	3.2201748123E-1	3.1890964323E-1
1069	3.2254784376E-1	3.1943585658E-1
1070	3.2310042508E-1	3.1992253675E-1
1071	3.2362314672E-1	3.204610217E-1
1072	3.2412529413E-1	3.2095208384E-1
1073	3.245940524E-1	3.2143364551E-1
1074	3.2509139781E-1	3.2190008117E-1
1075	3.2565117844E-1	3.2245553245E-1
1076	3.2627252048E-1	3.230583964E-1
1077	3.2674018649E-1	3.235430213E-1
1078	3.2721829253E-1	3.2403007837E-1
1079	3.2764616188E-1	3.2446600009E-1
1080	3.2826572736E-1	3.2509908518E-1
1081	3.2882135836E-1	3.2567254438E-1
1082	3.2921027229E-1	3.2608849317E-1
1083	3.2973411459E-1	3.2657696505E-1
1084	3.3024477241E-1	3.2707043106E-1
1085	3.3073732316E-1	3.2755941014E-1
1086	3.3116509979E-1	3.2798180767E-1
1087	3.3156486268E-1	3.2837730793E-1
1088	3.3197809914E-1	3.2879672929E-1
1089	3.3244159227E-1	3.2925653578E-1
1090	3.3278365981E-1	3.2961539094E-1
1091	3.3328105388E-1	3.3011792712E-1
1092	3.3375959977E-1	3.3061199055E-1
1093	3.3431806612E-1	3.3115899025E-1
1094	3.3477876261E-1	3.3160263697E-1
1095	3.3531501787E-1	3.3212159545E-1
1096	3.3571856086E-1	3.3252883924E-1
1097	3.3617525754E-1	3.3295906328E-1
1098	3.3659099447E-1	3.3337709193E-1
1099	3.3715342661E-1	3.3395173438E-1
1100	3.3761694274E-1	3.3441061651E-1
1101	3.3820813312E-1	3.3500042929E-1
1102	3.3874347059E-1	3.3549835181E-1
1103	3.3932496165E-1	3.3608312417E-1
1104	3.3995985435E-1	3.3670774865E-1
1105	3.4053680336E-1	3.3729841966E-1
1106	3.4101399795E-1	3.377731847E-1
1107	3.4155131346E-1	3.383074418E-1
1108	3.4202901904E-1	3.3876990855E-1
1109	3.4265724514E-1	3.3939549995E-1
1110	3.4314254483E-1	3.3990416987E-1
1111	3.4361829112E-1	3.4040766843E-1
1112	3.4406585272E-1	3.4085273756E-1
1113	3.4447255806E-1	3.4125856828E-1
1114	3.4505325275E-1	3.4178931897E-1
1115	3.4553860273E-1	3.4226606327E-1
1116	3.4611139673E-1	3.428357001E-1
1117	3.4662490442E-1	3.433430124E-1
1118	3.4717817501E-1	3.4392313637E-1
1119	3.476565687E-1	3.4440818889E-1
1120	3.4821370137E-1	3.4497599787E-1
1121	3.4876877659E-1	3.4551342028E-1
1122	3.4922536538E-1	3.459465738E-1
1123	3.4964521035E-1	3.4637063517E-1
1124	3.501110517E-1	3.4687269671E-1
1125	3.5064255013E-1	3.473873098E-1
1126	3.512790377E-1	3.4808822316E-1
1127	3.5195307539E-1	3.4870395918E-1
1128	3.5248137475E-1	3.492104456E-1
1129	3.5300755559E-1	3.4972982525E-1
1130	3.5366261114E-1	3.504012489E-1
1131	3.5427219858E-1	3.5099724824E-1
1132	3.5486668512E-1	3.5156473378E-1
1133	3.5526898567E-1	3.5197805711E-1
1134	3.5579255735E-1	3.5245925709E-1
1135	3.5636077588E-1	3.5303971992E-1
1136	3.5682228523E-1	3.5348789304E-1
1137	3.574411929E-1	3.5409759241E-1
1138	3.5804063322E-1	3.5468633822E-1
1139	3.5866355645E-1	3.553086792E-1
1140	3.5916199428E-1	3.5582657562E-1
1141	3.5966861092E-1	3.563029453E-1
1142	3.603274929E-1	3.5690480211E-1
1143	3.6082309494E-1	3.5738697745E-1
1144	3.6125161103E-1	3.5782717788E-1
1145	3.6178961979E-1	3.5832377608E-1
1146	3.6252074042E-1	3.5907874859E-1
1147	3.6318795569E-1	3.5972919119E-1
1148	3.6367951128E-1	3.6020937286E-1
1149	3.6421062195E-1	3.6073556178E-1
1150	3.6467801384E-1	3.6122859165E-1
1151	3.6538551688E-1	3.6196455391E-1
1152	3.6599593736E-1	3.6260219878E-1
1153	3.6645380205E-1	3.630482052E-1
1154	3.6686564658E-1	3.6349445665E-1
1155	3.6736957381E-1	3.6393092136E-1
1156	3.6789207274E-1	3.6443788692E-1
1157	3.685235001E-1	3.650315657E-1
1158	3.6895898548E-1	3.6547811282E-1
1159	3.6955742331E-1	3.661053877E-1
1160	3.7020469143E-1	3.6673115239E-1
1161	3.7075969612E-1	3.6729750369E-1
1162	3.7140022921E-1	3.679242418E-1
1163	3.7195817055E-1	3.684793109E-1
1164	3.7263465297E-1	3.691214747E-1
1165	3.7317828067E-1	3.6968500634E-1
1166	3.7381665282E-1	3.7034518202E-1
1167	3.7462429962E-1	3.7113295181E-1
1168	3.7525494654E-1	3.717827457E-1
1169	3.7579620644E-1	3.7240751514E-1
1170	3.7643068718E-1	3.7301440131E-1
1171	3.7692494469E-1	3.734897551E-1
1172	3.7763796163E-1	3.7424013625E-1
1173	3.7814119488E-1	3.7471254016E-1
1174	3.7889285401E-1	3.7546997261E-1
1175	3.7940602317E-1	3.7598735794E-1
1176	3.7994235939E-1	3.7650821755E-1
1177	3.8052463273E-1	3.7712547038E-1
1178	3.8109688813E-1	3.7768719176E-1
1179	3.8169500327E-1	3.7827186059E-1
1180	3.822927314E-1	3.7885633038E-1
1181	3.8308832956E-1	3.7966552896E-1
1182	3.8362811913E-1	3.8020623078E-1
1183	3.8431680923E-1	3.8092812238E-1
1184	3.8502268167E-1	3.8163393622E-1
1185	3.8571172197E-1	3.8228119145E-1
1186	3.8632298685E-1	3.8287694149E-1
1187	3.8699998722E-1	3.8352436528E-1
1188	3.8783098019E-1	3.8435289537E-1
1189	3.8847218864E-1	3.8499500037E-1
1190	3.8923842914E-1	3.8572925116E-1
1191	3.8971779833E-1	3.8623380559E-1
1192	3.9029021197E-1	3.867918875E-1
1193	3.9095413008E-1	3.8746288711E-1
1194	3.91517313E-1	3.8802411348E-1
1195	3.9232076568E-1	3.8882276022E-1
1196	3.9301518094E-1	3.8949035812E-1
1197	3.9380013769E-1	3.9030242336E-1
1198	3.9421767716E-1	3.907537284E-1
1199	3.9499168943E-1	3.9152401147E-1
1200	3.957178887E-1	3.9222908342E-1
1201	3.9631720113E-1	3.9285787995E-1
1202	3.9678919708E-1	3.9335737888E-1
1203	3.9747956788E-1	3.9407158904E-1
1204	3.9796791695E-1	3.9456223346E-1
1205	3.9862051623E-1	3.9518629501E-1
1206	3.992720097E-1	3.9586529412E-1
1207	3.9998381023E-1	3.9655205176E-1
1208	4.0065842301E-1	3.9721203119E-1
1209	4.0111916584E-1	3.9767079714E-1
1210	4.0182066179E-1	3.9834883423E-1
1211	4.0251128226E-1	3.9904907694E-1
1212	4.0293399253E-1	3.9945621593E-1
1213	4.0374853755E-1	4.002723976E-1
1214	4.0450700181E-1	4.0102674228E-1
1215	4.0518793588E-1	4.0170711132E-1
1216	4.0589926459E-1	4.0241970551E-1
1217	4.0650609383E-1	4.030007633E-1
1218	4.0725135835E-1	4.0370844009E-1
1219	4.0786042284E-1	4.0432472605E-1
1220	4.0860578674E-1	4.0507485919E-1
1221	4.0922433333E-1	4.0569805862E-1
1222	4.0997233446E-1	4.0639699426E-1
1223	4.1065359852E-1	4.0709108998E-1
1224	4.1129439137E-1	4.0773249106E-1
1225	4.1194177447E-1	4.0832744604E-1
1226	4.1270112157E-1	4.0910295623E-1
1227	4.1333395282E-1	4.0977904921E-1
1228	4.1413267888E-1	4.1053209732E-1
1229	4.147240806E-1	4.1112312091E-1
1230	4.156071623E-1	4.1195130576E-1
1231	4.1616593697E-1	4.1250581275E-1
1232	4.1691951968E-1	4.1322024149E-1
1233	4.1755326287E-1	4.1389403271E-1
1234	4.1827555503E-1	4.145913596E-1
1235	4.1900950899E-1	4.1529953589E-1
1236	4.197379889E-1	4.1601497324E-1
1237	4.20306056E-1	4.1659587387E-1
1238	4.2094875222E-1	4.1727782971E-1
1239	4.2166792643E-1	4.1797412623E-1
1240	4.2227902736E-1	4.1860118381E-1
1241	4.2307309173E-1	4.1935515005E-1
1242	4.2375685498E-1	4.2004045529E-1
1243	4.243146708E-1	4.2060608409E-1
1244	4.2515988908E-1	4.2144880195E-1
1245	4.2575094549E-1	4.2202823279E-1
1246	4.2624934595E-1	4.2250964021E-1
1247	4.2699906259E-1	4.2323196896E-1
1248	4.2741688873E-1	4.2368041764E-1
1249	4.2809580198E-1	4.243074948E-1
1250	4.2872333061E-1	4.2490906037E-1
1251	4.2951083363E-1	4.2568069018E-1
1252	4.3026855873E-1	4.2643465133E-1
1253	4.309932641E-1	4.2710581489E-1
1254	4.3181366541E-1	4.2789808339E-1
1255	4.3239440441E-1	4.2842417668E-1
1256	4.3311377773E-1	4.291294461E-1
1257	4.3371795186E-1	4.2971561893E-1
1258	4.3463722325E-1	4.3062082269E-1
1259	4.3516050475E-1	4.3109210344E-1
1260	4.3592216966E-1	4.318797896E-1
1261	4.3657858823E-1	4.3256123226E-1
1262	4.3719148775E-1	4.3317707651E-1
1263	4.3795818895E-1	4.338709981E-1
1264	4.3869785277E-1	4.3460084997E-1
1265	4.3943266576E-1	4.3530870214E-1
1266	4.4005709088E-1	4.3592182993E-1
1267	4.408971802E-1	4.3673683939E-1
1268	4.4174369256E-1	4.37631941E-1
1269	4.4252347582E-1	4.3838977899E-1
1270	4.4323478644E-1	4.3904745258E-1
1271	4.4380866476E-1	4.3958102933E-1
1272	4.4459901399E-1	4.404203964E-1
1273	4.452394731E-1	4.4106702315E-1
1274	4.4593829906E-1	4.4178753512E-1
1275	4.4658585825E-1	4.4243128929E-1
1276	4.4720654213E-1	4.4310089552E-1
1277	4.4774908002E-1	4.4369607023E-1
1278	4.4834204673E-1	4.4430743056E-1
1279	4.4902015653E-1	4.4498633294E-1
1280	4.4960384085E-1	4.4557052964E-1
1281	4.5002663258E-1	4.4597265152E-1
1282	4.5080735288E-1	4.4674363494E-1
1283	4.512258181E-1	4.471610945E-1
1284	4.5179598323E-1	4.4771427182E-1
1285	4.5255862361E-1	4.4845615002E-1
1286	4.531367961E-1	4.4894660641E-1
1287	4.5360173059E-1	4.4946021114E-1
1288	4.5423036987E-1	4.5006577604E-1
1289	4.5485496524E-1	4.5066709162E-1
1290	4.5558015603E-1	4.5140790435E-1
1291	4.5627690083E-1	4.5206631305E-1
1292	4.568922097E-1	4.5266552997E-1
1293	4.5742663386E-1	4.5323133894E-1
1294	4.5795404197E-1	4.5377587623E-1
1295	4.5868655204E-1	4.5453099936E-1
1296	4.5919248862E-1	4.5509098328E-1
1297	4.5984842377E-1	4.5576549012E-1
1298	4.6056070395E-1	4.5647797399E-1
1299	4.6136573998E-1	4.5729914211E-1
1300	4.6219493093E-1	4.5812306632E-1
1301	4.629550619E-1	4.5880255664E-1
1302	4.6343416844E-1	4.5928195348E-1
1303	4.6420962994E-1	4.6005427617E-1
1304	4.6488365431E-1	4.6071488416E-1
1305	4.6556007629E-1	4.6139638338E-1
1306	4.6625481262E-1	4.6206490676E-1
1307	4.6670048986E-1	4.6250389062E-1
1308	4.6739484552E-1	4.6318970711E-1
1309	4.679774928E-1	4.6376843346E-1
1310	4.6858657306E-1	4.6444020719E-1
1311	4.6909099004E-1	4.6492879219E-1
1312	4.6983321241E-1	4.6565222713E-1
1313	4.7040711395E-1	4.6622714465E-1
1314	4.709911676E-1	4.668105832E-1
1315	4.7144446304E-1	4.6729911876E-1
1316	4.7217519923E-1	4.6804097531E-1
1317	4.7283486304E-1	4.6867718551E-1
1318	4.735145767E-1	4.6934588736E-1
1319	4.7402100843E-1	4.6985847339E-1
1320	4.7448057204E-1	4.7033004825E-1
1321	4.7524485133E-1	4.7104645697E-1
1322	4.7587290326E-1	4.7164188952E-1
1323	4.7644747078E-1	4.7218034672E-1
1324	4.7708147253E-1	4.7278165213E-1
1325	4.7773026508E-1	4.7344571116E-1
1326	4.7828502606E-1	4.7402842735E-1
1327	4.7887531728E-1	4.7462431133E-1
1328	4.7932595087E-1	4.7508181218E-1
1329	4.7989966544E-1	4.756454259E-1
1330	4.8065069161E-1	4.7632508718E-1
1331	4.8121819643E-1	4.7687887278E-1
1332	4.8169455325E-1	4.7735359427E-1
1333	4.824513471E-1	4.780793719E-1
1334	4.8310683709E-1	4.7872639855E-1
1335	4.8386433408E-1	4.794665842E-1
1336	4.8437435459E-1	4.7999858145E-1
1337	4.8484911964E-1	4.8049576436E-1
1338	4.8532010997E-1	4.8094945291E-1
1339	4.8621830354E-1	4.8181308088E-1
1340	4.8698756233E-1	4.8256831539E-1
1341	4.8770416129E-1	4.8325575345E-1
1342	4.8843623486E-1	4.8398524495E-1
1343	4.8888225321E-1	4.8444993494E-1
1344	4.8943228543E-1	4.8500454306E-1
1345	4.9003417763E-1	4.8560184471E-1
1346	4.9053326813E-1	4.8609098293E-1
1347	4.9133457893E-1	4.8693657235E-1
1348	4.9179082379E-1	4.8740414781E-1
1349	4.9248515611E-1	4.8805981743E-1
1350	4.9288655099E-1	4.8847142608E-1
1351	4.9344763934E-1	4.8899421436E-1
1352	4.9406884911E-1	4.8958551253E-1
1353	4.9478470212E-1	4.9027424359E-1
1354	4.9532838937E-1	4.9081040926E-1
1355	4.9598174038E-1	4.9145140275E-1
1356	4.9653590939E-1	4.9196403693E-1
1357	4.9726767714E-1	4.9270680305E-1
1358	4.9795073061E-1	4.9334071045E-1
1359	4.9833019654E-1	4.9373450188E-1
1360	4.9873047505E-1	4.9409015023E-1
1361	4.9934458084E-1	4.9471806268E-1
1362	4.9977419496E-1	4.9516769634E-1
1363	5.0010921223E-1	4.9549386174E-1
1364	5.0080547293E-1	4.9616224653E-1
1365	5.0141564147E-1	4.9677558293E-1
1366	5.0198987748E-1	4.9737814809E-1
1367	5.0252502449E-1	4.9795967384E-1
1368	5.0322489975E-1	4.985964099E-1
1369	5.0389467108E-1	4.9926179145E-1
1370	5.0426540156E-1	4.9962019209E-1
1371	5.0498034694E-1	5.0030854051E-1
1372	5.0554531708E-1	5.0087488337E-1
1373	5.06115267E-1	5.0140259238E-1
1374	5.0682001001E-1	5.0213470335E-1
1375	5.0751451463E-1	5.0280821273E-1
1376	5.0830495411E-1	5.0359464761E-1
1377	5.0878851198E-1	5.0406007512E-1
1378	5.0955705043E-1	5.0484191327E-1
1379	5.0992678672E-1	5.0522787343E-1
1380	5.1061055332E-1	5.0588857364E-1
1381	5.1130701655E-1	5.0656270629E-1
1382	5.1193211847E-1	5.0711716492E-1
1383	5.1273193461E-1	5.0790164455E-1
1384	5.1314632846E-1	5.0824394138E-1
1385	5.1396190717E-1	5.0907145314E-1
1386	5.1454133103E-1	5.0968091446E-1
1387	5.1538736331E-1	5.1051220474E-1
1388	5.1586903477E-1	5.1101391588E-1
1389	5.1643301924E-1	5.1155788554E-1
1390	5.1708088122E-1	5.121956261E-1
1391	5.1756552048E-1	5.1269922387E-1
1392	5.1795496443E-1	5.130906533E-1
1393	5.1858586127E-1	5.1377614118E-1
1394	5.1941428856E-1	5.1459346301E-1
1395	5.200490005E-1	5.1525424694E-1
1396	5.2053863162E-1	5.1571600292E-1
1397	5.2091483662E-1	5.1606914164E-1
1398	5.2159901457E-1	5.1668234276E-1
1399	5.2196923967E-1	5.1710297278E-1
1400	5.2246123038E-1	5.1757142242E-1
1401	5.230872084E-1	5.1815678973E-1
1402	5.2348492231E-1	5.1850152588E-1
1403	5.2394408581E-1	5.1900320765E-1
1404	5.2455108515E-1	5.1957096628E-1
1405	5.2544698821E-1	5.2041813619E-1
1406	5.2617443867E-1	5.2110735864E-1
1407	5.2662480977E-1	5.2158271023E-1
1408	5.2732026051E-1	5.2227076246E-1
1409	5.280440368E-1	5.22875679E-1
1410	5.2868096983E-1	5.2348114618E-1
1411	5.292969981E-1	5.2418755478E-1
1412	5.2994799963E-1	5.2484157848E-1
1413	5.3064756853E-1	5.2557321725E-1
1414	5.3133387838E-1	5.2625987989E-1
1415	5.3175047106E-1	5.2667575458E-1
1416	5.3229696057E-1	5.2720298315E-1
1417	5.3284221408E-1	5.2774546144E-1
1418	5.3349184752E-1	5.2834870952E-1
1419	5.3416577031E-1	5.2902592095E-1
1420	5.3485765617E-1	5.2975199744E-1
1421	5.3554980711E-1	5.3038874549E-1
1422	5.3601610771E-1	5.3080456276E-1
1423	5.3644262879E-1	5.3118968778E-1
1424	5.3702120583E-1	5.3171034748E-1
1425	5.3756285512E-1	5.3222480129E-1
1426	5.3802627542E-1	5.3266288748E-1
1427	5.3875360028E-1	5.3341414592E-1
1428	5.3918663973E-1	5.3385524058E-1
1429	5.3991042971E-1	5.3454842263E-1
1430	5.4068383681E-1	5.3537031296E-1
1431	5.410907843E-1	5.3578766636E-1
1432	5.417665572E-1	5.3645175938E-1
1433	5.4220564767E-1	5.3683507299E-1
1434	5.4276689387E-1	5.3743112624E-1
1435	5.4311309682E-1	5.3783864822E-1
1436	5.4376279825E-1	5.384770337E-1
1437	5.4430282375E-1	5.389809256E-1
1438	5.4465241701E-1	5.3930424588E-1
1439	5.4508932437E-1	5.3974035161E-1
1440	5.4549576418E-1	5.4018460363E-1
1441	5.4642115769E-1	5.4108037578E-1
1442	5.4693353395E-1	5.4159128173E-1
1443	5.4752783782E-1	5.4220862763E-1
1444	5.4794270921E-1	5.4262890423E-1
1445	5.4852607823E-1	5.4318028952E-1
1446	5.4900333936E-1	5.4373818716E-1
1447	5.4934500816E-1	5.4412478514E-1
1448	5.500738776E-1	5.4484469572E-1
1449	5.5054724014E-1	5.4528345338E-1
1450	5.5112140512E-1	5.4582940998E-1
1451	5.5166563878E-1	5.4632368733E-1
1452	5.5218520131E-1	5.4679714453E-1
1453	5.5288993229E-1	5.475460394E-1
1454	5.5372067044E-1	5.4831756393E-1
1455	5.5421881443E-1	5.4875848953E-1
1456	5.5483058811E-1	5.4938963756E-1
1457	5.556690313E-1	5.5020288243E-1
1458	5.5639619243E-1	5.5100901662E-1
1459	5.5678086795E-1	5.514147786E-1
1460	5.5725573458E-1	5.5184070758E-1
1461	5.5769367154E-1	5.5231297435E-1
1462	5.5835807773E-1	5.5295696352E-1
1463	5.591443055E-1	5.5374381812E-1
1464	5.6376570762E-1	5.5828350267E-1

