0	6.960180871E-3	6.960180871E-3
1	1.0186057899E-2	1.0170957024E-2
2	1.4407046946E-2	1.4464546867E-2
3	1.77960039E-2	1.7857925391E-2
4	2.0641721343E-2	2.0739570261E-2
5	2.3273116008E-2	2.3405955731E-2
6	2.4934108063E-2	2.5108483513E-2
7	2.6071136269E-2	2.6252511034E-2
8	2.6875682231E-2	2.704401531E-2
9	2.7516642268E-2	2.7681160468E-2
10	2.7851717806E-2	2.8018571877E-2
11	2.8273462323E-2	2.8477122105E-2
12	2.8682758707E-2	2.8864760773E-2
13	2.8996249654E-2	2.9165271111E-2
14	2.9253337971E-2	2.9408845949E-2
15	2.955801276E-2	2.9709684694E-2
16	2.9798860008E-2	2.9930913829E-2
17	2.9950889407E-2	3.0089939722E-2
18	3.015486021E-2	3.0302782659E-2
19	3.0448150702E-2	3.0583034332E-2
20	3.073425868E-2	3.0885698184E-2
21	3.0899987245E-2	3.1042048311E-2
22	3.1074436615E-2	3.121267361E-2
23	3.1300945942E-2	3.1441911289E-2
24	3.1601832441E-2	3.1740101824E-2
25	3.197485536E-2	3.20983675E-2
26	3.2098861948E-2	3.222501806E-2
27	3.2271107311E-2	3.238069051E-2
28	3.2496809154E-2	3.2605282489E-2
29	3.2682902761E-2	3.2787440506E-2
30	3.2844750465E-2	3.2947201338E-2
31	3.3089918704E-2	3.3182224511E-2
32	3.321818255E-2	3.330234223E-2
33	3.3441143162E-2	3.3518593655E-2
34	3.3590445899E-2	3.3648304364E-2
35	3.3794651682E-2	3.3819293321E-2
36	3.3928043746E-2	3.3949864943E-2
37	3.4088977463E-2	3.4103976868E-2
38	3.4282448364E-2	3.4299330727E-2
39	3.4489318094E-2	3.4498869755E-2
40	3.4646908317E-2	3.4648462099E-2
41	3.4754495155E-2	3.4767154725E-2
42	3.4968422403E-2	3.4967893361E-2
43	3.5108132423E-2	3.5125047505E-2
44	3.5236133867E-2	3.5261167334E-2
45	3.5405293211E-2	3.5438344297E-2
46	3.5636031788E-2	3.5675829429E-2
47	3.5701961611E-2	3.5750272468E-2
48	3.5887104345E-2	3.5931303928E-2
49	3.6081401998E-2	3.6136438198E-2
50	3.6245165152E-2	3.6278254757E-2
51	3.6491072397E-2	3.652742322E-2
52	3.67360075E-2	3.6769213404E-2
53	3.6905967164E-2	3.694459494E-2
54	3.7125168367E-2	3.7176957256E-2
55	3.7277966226E-2	3.7316060076E-2
56	3.7448532862E-2	3.7495182572E-2
57	3.7572344741E-2	3.7621672526E-2
58	3.7791036359E-2	3.7839013186E-2
59	3.7945457072E-2	3.7992666468E-2
60	3.8220309812E-2	3.8264301321E-2
61	3.836387524E-2	3.8422688106E-2
62	3.8566596717E-2	3.8634397087E-2
63	3.8738305424E-2	3.8803218318E-2
64	3.8855183221E-2	3.8922337576E-2
65	3.9090425186E-2	3.9183619917E-2
66	3.9323724794E-2	3.9412811103E-2
67	3.9536364447E-2	3.9613407236E-2
68	3.9659299832E-2	3.9751483467E-2
69	3.9798516412E-2	3.9890222601E-2
70	3.9916021759E-2	3.9983931091E-2
71	4.0059471633E-2	4.0116792969E-2
72	4.0261068791E-2	4.0326187767E-2
73	4.0399853717E-2	4.0461577821E-2
74	4.0460760862E-2	4.0501755854E-2
75	4.0549513269E-2	4.0597252705E-2
76	4.0749149808E-2	4.0794029535E-2
77	4.090916946E-2	4.0958390046E-2
78	4.1145189585E-2	4.1187180837E-2
79	4.1386487772E-2	4.1447764622E-2
80	4.1536143872E-2	4.1599531943E-2
81	4.1683287569E-2	4.1751755618E-2
82	4.1788119568E-2	4.187158889E-2
83	4.1991826624E-2	4.20823148E-2
84	4.2178101173E-2	4.2268263026E-2
85	4.2406090912E-2	4.2494115546E-2
86	4.2588545052E-2	4.26740767E-2
87	4.2663517984E-2	4.2753359914E-2
88	4.2861314138E-2	4.2958044215E-2
89	4.3131932678E-2	4.3238154029E-2
90	4.3330296164E-2	4.3438849408E-2
91	4.3560948383E-2	4.3654796799E-2
92	4.3785291796E-2	4.3866869119E-2
93	4.3945158091E-2	4.4021290164E-2
94	4.4118126976E-2	4.419808717E-2
95	4.4338251851E-2	4.4422534631E-2
96	4.4562011563E-2	4.4652032873E-2
97	4.4749302845E-2	4.4842538132E-2
98	4.4881874812E-2	4.4983289738E-2
99	4.5113555363E-2	4.5194490681E-2
100	4.5257773713E-2	4.5351322674E-2
101	4.5507821574E-2	4.559607927E-2
102	4.5721966732E-2	4.5834507089E-2
103	4.5964885188E-2	4.6065102413E-2
104	4.6059733216E-2	4.6173607813E-2
105	4.623067371E-2	4.634320684E-2
106	4.6415315938E-2	4.6521346384E-2
107	4.6603853047E-2	4.6714123712E-2
108	4.6788876093E-2	4.6901323589E-2
109	4.6951804005E-2	4.7056614413E-2
110	4.7034527124E-2	4.7147998777E-2
111	4.7166306475E-2	4.7280129398E-2
112	4.743893779E-2	4.7543227244E-2
113	4.759521536E-2	4.7705270136E-2
114	4.7677887946E-2	4.7792231745E-2
115	4.7824010557E-2	4.7948044851E-2
116	4.7966256417E-2	4.8078045831E-2
117	4.8177030677E-2	4.8289438915E-2
118	4.8368021438E-2	4.8466066145E-2
119	4.858107218E-2	4.8694074979E-2
120	4.8764445885E-2	4.8867134504E-2
121	4.8918431248E-2	4.9009178812E-2
122	4.9063884097E-2	4.9138915647E-2
123	4.9207044464E-2	4.9282629238E-2
124	4.9410739221E-2	4.9492862377E-2
125	4.9559768839E-2	4.9627743521E-2
126	4.970016159E-2	4.9766308397E-2
127	4.9970122683E-2	5.0040019528E-2
128	5.0109743404E-2	5.017161704E-2
129	5.0307896818E-2	5.0359036353E-2
130	5.0523502884E-2	5.0571826126E-2
131	5.0723033555E-2	5.0760129796E-2
132	5.0845695878E-2	5.0859706414E-2
133	5.1040697502E-2	5.1048290226E-2
134	5.1186731745E-2	5.1200129369E-2
135	5.1375458899E-2	5.1375722723E-2
136	5.1613319134E-2	5.1608719094E-2
137	5.1758114205E-2	5.1744604057E-2
138	5.1931566652E-2	5.192837506E-2
139	5.2114546229E-2	5.2117247066E-2
140	5.2257803396E-2	5.2260892252E-2
141	5.2372310085E-2	5.2377508684E-2
142	5.2591838065E-2	5.2592195187E-2
143	5.2791038452E-2	5.2796608061E-2
144	5.2943225626E-2	5.2942143897E-2
145	5.3083950965E-2	5.3086494509E-2
146	5.3271672534E-2	5.32768782E-2
147	5.3475485445E-2	5.3492471064E-2
148	5.3643852071E-2	5.3646549661E-2
149	5.3853862641E-2	5.3854466776E-2
150	5.4038431958E-2	5.4037218802E-2
151	5.424162447E-2	5.4225226155E-2
152	5.4453912683E-2	5.4447175133E-2
153	5.4638007293E-2	5.4626488717E-2
154	5.4819935599E-2	5.4818946068E-2
155	5.4927632123E-2	5.4927344354E-2
156	5.5153479248E-2	5.5155244552E-2
157	5.5331408486E-2	5.533208898E-2
158	5.549460047E-2	5.5501583704E-2
159	5.5724270485E-2	5.5721880629E-2
160	5.5901039614E-2	5.5906471172E-2
161	5.608306853E-2	5.6087349461E-2
162	5.6211559315E-2	5.6211356356E-2
163	5.6431177691E-2	5.6440094119E-2
164	5.6726668542E-2	5.6730468455E-2
165	5.692382767E-2	5.6928616012E-2
166	5.7074123083E-2	5.70843043E-2
167	5.7240522425E-2	5.7252608485E-2
168	5.7398178962E-2	5.742327831E-2
169	5.7529399129E-2	5.7559958596E-2
170	5.76590366E-2	5.7679886097E-2
171	5.7859911145E-2	5.7884775518E-2
172	5.8058379447E-2	5.808216665E-2
173	5.8251514028E-2	5.8262008519E-2
174	5.8437837477E-2	5.8453569067E-2
175	5.8585143131E-2	5.8596066367E-2
176	5.8775226173E-2	5.8789698134E-2
177	5.8915185573E-2	5.8925779001E-2
178	5.9097769517E-2	5.9100317467E-2
179	5.9285971081E-2	5.9282906755E-2
180	5.9474850448E-2	5.9454123286E-2
181	5.971660947E-2	5.9693490806E-2
182	5.9922784594E-2	5.9903818966E-2
183	6.006774987E-2	6.0053872718E-2
184	6.0290822658E-2	6.0255439275E-2
185	6.0426881463E-2	6.0388721049E-2
186	6.0581488446E-2	6.052363303E-2
187	6.0795117443E-2	6.0715395573E-2
188	6.112003775E-2	6.1027938869E-2
189	6.1337800686E-2	6.1256422526E-2
190	6.1549964228E-2	6.1455334979E-2
191	6.1733449348E-2	6.163235173E-2
192	6.1867778367E-2	6.1769221872E-2
193	6.2056828791E-2	6.1946750654E-2
194	6.22344447E-2	6.2130732107E-2
195	6.2438539257E-2	6.2322939701E-2
196	6.2642216384E-2	6.252737409E-2
197	6.2797606011E-2	6.2674729995E-2
198	6.2908801432E-2	6.277971422E-2
199	6.3172316628E-2	6.3042778513E-2
200	6.3349641392E-2	6.3189603774E-2
201	6.3586113568E-2	6.3408704742E-2
202	6.3854585572E-2	6.3663786283E-2
203	6.4008963153E-2	6.3819349537E-2
204	6.4256597124E-2	6.4062500647E-2
205	6.4477976016E-2	6.4279741605E-2
206	6.465331002E-2	6.4445454759E-2
207	6.4838511845E-2	6.4623638217E-2
208	6.5072135385E-2	6.4846786403E-2
209	6.5204010806E-2	6.4986917911E-2
210	6.5428494515E-2	6.5212676889E-2
211	6.5581835252E-2	6.5345794644E-2
212	6.574724132E-2	6.5500101081E-2
213	6.5918623082E-2	6.5654050392E-2
214	6.612555217E-2	6.5876615702E-2
215	6.6295217201E-2	6.603006888E-2
216	6.6397198555E-2	6.6123928328E-2
217	6.66030572E-2	6.6315232829E-2
218	6.6727504591E-2	6.6442487211E-2
219	6.6846003749E-2	6.6569134288E-2
220	6.7097217381E-2	6.6804246815E-2
221	6.7298936693E-2	6.6957296653E-2
222	6.747400126E-2	6.711582155E-2
223	6.7660603356E-2	6.7311039858E-2
224	6.7855264488E-2	6.7501919814E-2
225	6.8042338847E-2	6.7680552258E-2
226	6.821270673E-2	6.7848090714E-2
227	6.8356554573E-2	6.7989151759E-2
228	6.852372776E-2	6.8147123876E-2
229	6.8650643753E-2	6.8271941739E-2
230	6.8822556157E-2	6.8423997283E-2
231	6.9097603437E-2	6.868091004E-2
232	6.926234891E-2	6.88257913E-2
233	6.9393900009E-2	6.8944865319E-2
234	6.947417147E-2	6.9013684036E-2
235	6.9601330557E-2	6.9126889859E-2
236	6.9774994005E-2	6.9286597589E-2
237	6.9957346527E-2	6.944674511E-2
238	7.0149120583E-2	6.9649034782E-2
239	7.0235772028E-2	6.9746357868E-2
240	7.0440955006E-2	6.997018658E-2
241	7.0599392708E-2	7.0116327658E-2
242	7.0734260215E-2	7.0254922742E-2
243	7.0890453269E-2	7.0419532965E-2
244	7.110476451E-2	7.0636800668E-2
245	7.1256743534E-2	7.0827040314E-2
246	7.1531041171E-2	7.1110651112E-2
247	7.1720075472E-2	7.1294884744E-2
248	7.1922759605E-2	7.150283456E-2
249	7.2150008853E-2	7.1725693591E-2
250	7.2317103745E-2	7.1891197E-2
251	7.2585868931E-2	7.2145014382E-2
252	7.2843584947E-2	7.2382242584E-2
253	7.3042015215E-2	7.2594206478E-2
254	7.3305759213E-2	7.285450529E-2
255	7.3528253651E-2	7.3074603467E-2
256	7.3690833023E-2	7.3241516524E-2
257	7.3857151719E-2	7.3403498908E-2
258	7.4124294466E-2	7.3667651504E-2
259	7.433169757E-2	7.3875642224E-2
260	7.4514785227E-2	7.4070172809E-2
261	7.4656011382E-2	7.4220895182E-2
262	7.4899771107E-2	7.4450209839E-2
263	7.5109014589E-2	7.4663388371E-2
264	7.5323105726E-2	7.4852203678E-2
265	7.5521254607E-2	7.5058918544E-2
266	7.5689736603E-2	7.5231750461E-2
267	7.5829165237E-2	7.5347438463E-2
268	7.5963340071E-2	7.5487758002E-2
269	7.6194029826E-2	7.5702711619E-2
270	7.6410070071E-2	7.5922204338E-2
271	7.6633262108E-2	7.6142577503E-2
272	7.6870789986E-2	7.6369331924E-2
273	7.7111903599E-2	7.6613828201E-2
274	7.7347535684E-2	7.6843950651E-2
275	7.7590977339E-2	7.7093444917E-2
276	7.7749933269E-2	7.7247148258E-2
277	7.7945699609E-2	7.7434063284E-2
278	7.8116687811E-2	7.7604286995E-2
279	7.833830749E-2	7.7805715271E-2
280	7.8458136881E-2	7.7939583515E-2
281	7.8752810339E-2	7.8213958813E-2
282	7.9009409547E-2	7.8474984596E-2
283	7.92469127E-2	7.8717296805E-2
284	7.9543711928E-2	7.9022701022E-2
285	7.9845840174E-2	7.931726652E-2
286	8.0122145955E-2	7.9603840614E-2
287	8.0315595708E-2	7.9786700684E-2
288	8.051344542E-2	7.9983566209E-2
289	8.0673963824E-2	8.0151294991E-2
290	8.0857360103E-2	8.033132282E-2
291	8.1116298604E-2	8.0582593513E-2
292	8.1289271015E-2	8.0737723664E-2
293	8.1517666841E-2	8.096232598E-2
294	8.171100649E-2	8.1143098623E-2
295	8.1983489063E-2	8.1402588238E-2
296	8.2211501369E-2	8.1633010714E-2
297	8.2411079254E-2	8.1833405783E-2
298	8.26320297E-2	8.2042651695E-2
299	8.2817111045E-2	8.2225310302E-2
300	8.3039236977E-2	8.2415131378E-2
301	8.3233321611E-2	8.2612314536E-2
302	8.3478051708E-2	8.2837464986E-2
303	8.3667048511E-2	8.3034934071E-2
304	8.3838976031E-2	8.3203698589E-2
305	8.4102977411E-2	8.3432914125E-2
306	8.4318244233E-2	8.3608635957E-2
307	8.4546872147E-2	8.3826111436E-2
308	8.4825633441E-2	8.4106940303E-2
309	8.5062548802E-2	8.4334204534E-2
310	8.5327844926E-2	8.461182741E-2
311	8.5547453297E-2	8.4844088224E-2
312	8.5794941934E-2	8.5068574039E-2
313	8.5990105217E-2	8.5268014223E-2
314	8.6192907857E-2	8.5468979759E-2
315	8.6447503494E-2	8.5720260199E-2
316	8.662908888E-2	8.5904749636E-2
317	8.6863375213E-2	8.6117670448E-2
318	8.7137117349E-2	8.6376399279E-2
319	8.7330711635E-2	8.656867009E-2
320	8.7655155008E-2	8.6863045092E-2
321	8.7856823672E-2	8.7073190115E-2
322	8.8097398216E-2	8.7297127151E-2
323	8.8253891452E-2	8.7440147884E-2
324	8.8513375494E-2	8.7687788066E-2
325	8.8724857247E-2	8.788675395E-2
326	8.8987215494E-2	8.8132349172E-2
327	8.9163661672E-2	8.8302877381E-2
328	8.931927432E-2	8.8456601899E-2
329	8.9572206921E-2	8.8702441426E-2
330	8.9792466656E-2	8.8927145829E-2
331	9.0041465175E-2	8.9145831254E-2
332	9.0209832699E-2	8.9318325834E-2
333	9.0438116871E-2	8.9546959705E-2
334	9.061051565E-2	8.9718202273E-2
335	9.088087785E-2	8.9994087532E-2
336	9.0985786412E-2	9.0114415461E-2
337	9.1274956371E-2	9.0407784026E-2
338	9.1548228817E-2	9.0696656375E-2
339	9.1699418119E-2	9.0829106197E-2
340	9.1939792522E-2	9.1074534874E-2
341	9.2170870689E-2	9.1305994176E-2
342	9.2367489811E-2	9.1514491112E-2
343	9.2605102499E-2	9.1749442187E-2
344	9.2758600725E-2	9.1914692156E-2
345	9.2987404298E-2	9.2138554911E-2
346	9.3137063467E-2	9.2274976376E-2
347	9.3336582036E-2	9.247502621E-2
348	9.3477726724E-2	9.2624286395E-2
349	9.3684132115E-2	9.282534886E-2
350	9.3861455545E-2	9.3007827334E-2
351	9.4110172764E-2	9.3243965675E-2
352	9.442014354E-2	9.3558824557E-2
353	9.4655875883E-2	9.3796910361E-2
354	9.4821510943E-2	9.3969811106E-2
355	9.5073197088E-2	9.4216402308E-2
356	9.5298180073E-2	9.4440895713E-2
357	9.5500767567E-2	9.4659520348E-2
358	9.5778571878E-2	9.4914239295E-2
359	9.5909561058E-2	9.5055774237E-2
360	9.6081210314E-2	9.521092926E-2
361	9.6246229081E-2	9.5372210611E-2
362	9.6472861438E-2	9.5589550721E-2
363	9.6665290729E-2	9.578893425E-2
364	9.6872283952E-2	9.5985453412E-2
365	9.6994430844E-2	9.6104225212E-2
366	9.7186607474E-2	9.6288024458E-2
367	9.7331181986E-2	9.6436092082E-2
368	9.7636204533E-2	9.6724546075E-2
369	9.7909122017E-2	9.6982748448E-2
370	9.8161187915E-2	9.7220446981E-2
371	9.8371389775E-2	9.7417961539E-2
372	9.8606678509E-2	9.7650282276E-2
373	9.876855754E-2	9.7819929643E-2
374	9.8974431425E-2	9.8035573399E-2
375	9.917965489E-2	9.8250530777E-2
376	9.9415821835E-2	9.848478979E-2
377	9.9603519684E-2	9.8661961363E-2
378	9.9793119144E-2	9.8839303582E-2
379	9.9980363671E-2	9.9018882514E-2
380	1.0018469716E-1	9.922124557E-2
381	1.0041392466E-1	9.9457564962E-2
382	1.006887205E-1	9.9755327462E-2
383	1.0082151494E-1	9.9883472704E-2
384	1.0100956752E-1	1.0006179792E-1
385	1.0118885754E-1	1.0023852269E-1
386	1.0136636583E-1	1.0040641225E-1
387	1.0150690392E-1	1.0053199509E-1
388	1.0175886053E-1	1.0078383249E-1
389	1.0193331424E-1	1.0095542913E-1
390	1.0213077469E-1	1.0115646363E-1
391	1.0238303318E-1	1.0138141475E-1
392	1.0261174975E-1	1.0161878142E-1
393	1.0288665331E-1	1.018794172E-1
394	1.0312939882E-1	1.0210544494E-1
395	1.034056737E-1	1.0239895492E-1
396	1.0357802805E-1	1.0258518019E-1
397	1.0379023574E-1	1.0279337355E-1
398	1.0400757512E-1	1.0299687495E-1
399	1.0425778097E-1	1.0325692985E-1
400	1.0449538934E-1	1.0348696338E-1
401	1.0470858525E-1	1.0371442032E-1
402	1.049818602E-1	1.0398496639E-1
403	1.0522723912E-1	1.0422749245E-1
404	1.0542282672E-1	1.0443040895E-1
405	1.0558450427E-1	1.0460998307E-1
406	1.0572134266E-1	1.0474007598E-1
407	1.0596183617E-1	1.0497257726E-1
408	1.0620406469E-1	1.0521079492E-1
409	1.0641013292E-1	1.0541157861E-1
410	1.0661931112E-1	1.0562932781E-1
411	1.0696096857E-1	1.05974229E-1
412	1.0721350404E-1	1.0622314303E-1
413	1.0744072599E-1	1.064772728E-1
414	1.0772297577E-1	1.0675542611E-1
415	1.0800654112E-1	1.0703193867E-1
416	1.0829739857E-1	1.0731069903E-1
417	1.0862351879E-1	1.0763192254E-1
418	1.0879282685E-1	1.0780848222E-1
419	1.0901660444E-1	1.0801877261E-1
420	1.0929656079E-1	1.0833987139E-1
421	1.0948294689E-1	1.0853755208E-1
422	1.0969397506E-1	1.08748459E-1
423	1.0995989416E-1	1.090052762E-1
424	1.1018633923E-1	1.0925376651E-1
425	1.1045622416E-1	1.095121831E-1
426	1.1072509044E-1	1.0978465905E-1
427	1.1095388607E-1	1.100154456E-1
428	1.1125230891E-1	1.1031569292E-1
429	1.1151231741E-1	1.1057082073E-1
430	1.1183568545E-1	1.1089462921E-1
431	1.1207558847E-1	1.111274989E-1
432	1.1236035372E-1	1.1142384618E-1
433	1.1266883194E-1	1.1171394662E-1
434	1.1294176318E-1	1.1197662572E-1
435	1.1322482419E-1	1.1226156793E-1
436	1.1350977669E-1	1.1251498878E-1
437	1.1366491219E-1	1.1268162544E-1
438	1.1387242149E-1	1.1287946423E-1
439	1.1406633574E-1	1.1306134082E-1
440	1.1429714043E-1	1.1327421465E-1
441	1.1456509546E-1	1.1353672243E-1
442	1.148030602E-1	1.137680058E-1
443	1.1512215739E-1	1.140796458E-1
444	1.1531934916E-1	1.1427232759E-1
445	1.1557306416E-1	1.1452918172E-1
446	1.1593676369E-1	1.148777387E-1
447	1.1615327602E-1	1.1509168502E-1
448	1.1647594855E-1	1.154122611E-1
449	1.1674313127E-1	1.156890514E-1
450	1.169948971E-1	1.1594384039E-1
451	1.173190844E-1	1.1625929531E-1
452	1.1756556682E-1	1.1649934091E-1
453	1.1773061337E-1	1.1667024459E-1
454	1.1804473731E-1	1.169770192E-1
455	1.1831244696E-1	1.1724988978E-1
456	1.1863021257E-1	1.175631749E-1
457	1.1889077997E-1	1.1783701753E-1
458	1.1910503186E-1	1.1806294889E-1
459	1.1942087026E-1	1.1838631491E-1
460	1.196372179E-1	1.1859622416E-1
461	1.1989541952E-1	1.1886048301E-1
462	1.2012186956E-1	1.19077566E-1
463	1.2034691133E-1	1.1929897687E-1
464	1.2051646271E-1	1.1948010795E-1
465	1.2074977945E-1	1.1971789198E-1
466	1.2106003769E-1	1.2003400193E-1
467	1.2133590543E-1	1.2029646615E-1
468	1.2162709648E-1	1.2059899819E-1
469	1.218885344E-1	1.2086223567E-1
470	1.2217531074E-1	1.2116529765E-1
471	1.2247672793E-1	1.2146217704E-1
472	1.2262597475E-1	1.2161347531E-1
473	1.2281562031E-1	1.2181020069E-1
474	1.2302889698E-1	1.2202770595E-1
475	1.2329499459E-1	1.2228588939E-1
476	1.2357545565E-1	1.2256758122E-1
477	1.2383421542E-1	1.2284755142E-1
478	1.2406230502E-1	1.2306623501E-1
479	1.2431417363E-1	1.2331430137E-1
480	1.2460234934E-1	1.2360244195E-1
481	1.248791101E-1	1.239031744E-1
482	1.2510485095E-1	1.2410540291E-1
483	1.2539413985E-1	1.2437542618E-1
484	1.2567018549E-1	1.2462734056E-1
485	1.2600473276E-1	1.2496506478E-1
486	1.2629216131E-1	1.2526196373E-1
487	1.2664933118E-1	1.2562939105E-1
488	1.2687048948E-1	1.2587229047E-1
489	1.2720110701E-1	1.261912373E-1
490	1.2748159359E-1	1.2648584897E-1
491	1.2770801052E-1	1.2669988413E-1
492	1.2801699699E-1	1.2701579788E-1
493	1.2828893261E-1	1.2728374481E-1
494	1.2852797031E-1	1.2752010742E-1
495	1.2878057161E-1	1.2777270998E-1
496	1.2894236262E-1	1.279484994E-1
497	1.2915902112E-1	1.2821753717E-1
498	1.2934645168E-1	1.284132658E-1
499	1.2960796857E-1	1.2866924151E-1
500	1.2989679232E-1	1.289497727E-1
501	1.3014104592E-1	1.2920045055E-1
502	1.3042403401E-1	1.2948456666E-1
503	1.3068055639E-1	1.2977423205E-1
504	1.3101531978E-1	1.3010122178E-1
505	1.312763824E-1	1.3034784588E-1
506	1.3154518375E-1	1.3062426009E-1
507	1.3187783707E-1	1.3094985949E-1
508	1.3216483674E-1	1.3125436576E-1
509	1.3246275571E-1	1.3152881411E-1
510	1.326851595E-1	1.3174315114E-1
511	1.3306368562E-1	1.3211010364E-1
512	1.3333299184E-1	1.3239494693E-1
513	1.3350821382E-1	1.325421439E-1
514	1.337437999E-1	1.3277545907E-1
515	1.340060279E-1	1.3304405186E-1
516	1.3431144833E-1	1.3334606296E-1
517	1.3456057093E-1	1.3358934385E-1
518	1.3478428142E-1	1.337878397E-1
519	1.3501752733E-1	1.3399774133E-1
520	1.3528114181E-1	1.3426064172E-1
521	1.35464894E-1	1.3447064844E-1
522	1.3574873321E-1	1.347506564E-1
523	1.3599461916E-1	1.3501130756E-1
524	1.3619852658E-1	1.3521209784E-1
525	1.3656390264E-1	1.3557202006E-1
526	1.3687653384E-1	1.3586414717E-1
527	1.3720347619E-1	1.3617750391E-1
528	1.3741527758E-1	1.3640279877E-1
529	1.3760958103E-1	1.3658917573E-1
530	1.3791443575E-1	1.3689180751E-1
531	1.3831714202E-1	1.3728668621E-1
532	1.3860917624E-1	1.3755777931E-1
533	1.3892738401E-1	1.3784805497E-1
534	1.3914084943E-1	1.3806062458E-1
535	1.3939713625E-1	1.383115889E-1
536	1.3979957559E-1	1.38704178E-1
537	1.4009642305E-1	1.3897875148E-1
538	1.4036129075E-1	1.392215879E-1
539	1.4057583288E-1	1.3943904712E-1
540	1.4090553002E-1	1.397606309E-1
541	1.4123888771E-1	1.4007610129E-1
542	1.4160233839E-1	1.40430694E-1
543	1.4185773256E-1	1.4068848554E-1
544	1.4207446768E-1	1.4088170671E-1
545	1.4237662059E-1	1.4117934887E-1
546	1.4258860516E-1	1.4140279792E-1
547	1.4291121239E-1	1.4172956369E-1
548	1.4318364019E-1	1.4199969367E-1
549	1.4340159767E-1	1.4222815724E-1
550	1.4369754499E-1	1.4251534058E-1
551	1.4399902989E-1	1.4282037212E-1
552	1.4432841636E-1	1.4314493087E-1
553	1.445894022E-1	1.4341002726E-1
554	1.4482915773E-1	1.436601463E-1
555	1.4508981388E-1	1.4392305874E-1
556	1.4537238144E-1	1.442105724E-1
557	1.4578097603E-1	1.4458898158E-1
558	1.4615756143E-1	1.4497317819E-1
559	1.4651347427E-1	1.453265768E-1
560	1.4689054116E-1	1.4568092751E-1
561	1.4716979673E-1	1.4594556629E-1
562	1.4740787318E-1	1.4617095925E-1
563	1.4766522242E-1	1.4641857602E-1
564	1.4793013233E-1	1.4667126205E-1
565	1.4814389359E-1	1.468912888E-1
566	1.4842337637E-1	1.4714793806E-1
567	1.4873767381E-1	1.4743757251E-1
568	1.4901597777E-1	1.4772551024E-1
569	1.4924592855E-1	1.4796009943E-1
570	1.4952710994E-1	1.4825607533E-1
571	1.4970770712E-1	1.4843712257E-1
572	1.500332987E-1	1.4876912199E-1
573	1.5033390951E-1	1.4906041856E-1
574	1.5057236837E-1	1.4929160536E-1
575	1.5085907802E-1	1.4958996958E-1
576	1.5111898261E-1	1.4986468642E-1
577	1.5147018762E-1	1.5022376376E-1
578	1.5175944746E-1	1.504837904E-1
579	1.519258036E-1	1.5067207995E-1
580	1.5217106597E-1	1.5090675845E-1
581	1.5242645367E-1	1.5113225396E-1
582	1.5266250745E-1	1.5135171901E-1
583	1.5294451348E-1	1.5162891987E-1
584	1.5323346E-1	1.519114683E-1
585	1.5346825591E-1	1.521480038E-1
586	1.5375525538E-1	1.5242197772E-1
587	1.5417731614E-1	1.5284360373E-1
588	1.545952381E-1	1.5324364694E-1
589	1.548550567E-1	1.5349071317E-1
590	1.5513170334E-1	1.5376778346E-1
591	1.5541658122E-1	1.5404162693E-1
592	1.5585344549E-1	1.5448403194E-1
593	1.5614319514E-1	1.5477743297E-1
594	1.5648871004E-1	1.5512821952E-1
595	1.5674838172E-1	1.5538144158E-1
596	1.5699418656E-1	1.5561577736E-1
597	1.5730497297E-1	1.5593844482E-1
598	1.5761308374E-1	1.5623155284E-1
599	1.5789712803E-1	1.5655082061E-1
600	1.5819219659E-1	1.5683548745E-1
601	1.5851892106E-1	1.5717331495E-1
602	1.5879674242E-1	1.5744343654E-1
603	1.5915923668E-1	1.5782741899E-1
604	1.5943596367E-1	1.5810799898E-1
605	1.5979295363E-1	1.5844723337E-1
606	1.6004723017E-1	1.587080847E-1
607	1.602921155E-1	1.5893071889E-1
608	1.6057046362E-1	1.5921741868E-1
609	1.6083168771E-1	1.5946176925E-1
610	1.6105450228E-1	1.5966184897E-1
611	1.613217854E-1	1.5996922216E-1
612	1.6158334663E-1	1.6023305893E-1
613	1.618740271E-1	1.6048065186E-1
614	1.6205223998E-1	1.6066129732E-1
615	1.624199812E-1	1.6102216986E-1
616	1.6268827765E-1	1.6131623492E-1
617	1.630401403E-1	1.6167729749E-1
618	1.6335087259E-1	1.6198280455E-1
619	1.6365052061E-1	1.622812883E-1
620	1.6390361832E-1	1.6253469907E-1
621	1.6418027459E-1	1.6281463581E-1
622	1.6450358256E-1	1.6312154692E-1
623	1.6474581162E-1	1.633520392E-1
624	1.6502371317E-1	1.6362338364E-1
625	1.6538542237E-1	1.63964166E-1
626	1.6567757204E-1	1.6426138207E-1
627	1.6604623308E-1	1.6460174419E-1
628	1.6633246513E-1	1.6488833307E-1
629	1.6664218945E-1	1.6519328167E-1
630	1.669660996E-1	1.6549697441E-1
631	1.6729058573E-1	1.658451913E-1
632	1.6753285731E-1	1.6609365631E-1
633	1.6779092206E-1	1.6635210194E-1
634	1.6815713024E-1	1.6671230764E-1
635	1.6840998575E-1	1.66976907E-1
636	1.6875136582E-1	1.6731414098E-1
637	1.6895060997E-1	1.675124641E-1
638	1.6921485965E-1	1.6776711481E-1
639	1.6947870655E-1	1.6803789438E-1
640	1.6973097955E-1	1.6828099942E-1
641	1.6995663392E-1	1.6847061957E-1
642	1.7027052184E-1	1.6876647902E-1
643	1.7057174074E-1	1.6906401452E-1
644	1.7081960541E-1	1.6931613763E-1
645	1.7117149398E-1	1.6964488721E-1
646	1.7143743787E-1	1.6990280734E-1
647	1.7178930146E-1	1.7024250849E-1
648	1.7206083776E-1	1.705239404E-1
649	1.7230950988E-1	1.7078538055E-1
650	1.7254202273E-1	1.7103793588E-1
651	1.7286729177E-1	1.7137045964E-1
652	1.7313357882E-1	1.7164190346E-1
653	1.7348559932E-1	1.7200407772E-1
654	1.7382569853E-1	1.723539814E-1
655	1.7412737998E-1	1.7266667438E-1
656	1.7441594105E-1	1.7295163151E-1
657	1.7471855829E-1	1.7325638352E-1
658	1.7505357186E-1	1.73571512E-1
659	1.7541100514E-1	1.7393999636E-1
660	1.7577074263E-1	1.7429898954E-1
661	1.7596264128E-1	1.7447035513E-1
662	1.761960874E-1	1.747004701E-1
663	1.7653809945E-1	1.7504866265E-1
664	1.7680458178E-1	1.7532509384E-1
665	1.7705574793E-1	1.7559575098E-1
666	1.7743283241E-1	1.7597606871E-1
667	1.7775769245E-1	1.7630168944E-1
668	1.7811566577E-1	1.7664402338E-1
669	1.7843891187E-1	1.7696191341E-1
670	1.7877065855E-1	1.772889729E-1
671	1.7908212721E-1	1.7758875257E-1
672	1.7935498619E-1	1.7785190458E-1
673	1.7966481038E-1	1.7817398394E-1
674	1.799856749E-1	1.784864586E-1
675	1.80268344E-1	1.7877657702E-1
676	1.8048492562E-1	1.7900718015E-1
677	1.8076351323E-1	1.7927381231E-1
678	1.8100407667E-1	1.7950598134E-1
679	1.8127303765E-1	1.7976543793E-1
680	1.8158767417E-1	1.8007779571E-1
681	1.8187195294E-1	1.8035177807E-1
682	1.8214791401E-1	1.8061319772E-1
683	1.8234392302E-1	1.8081986728E-1
684	1.8264915412E-1	1.8113152146E-1
685	1.8293976614E-1	1.814282301E-1
686	1.8316535725E-1	1.8166867781E-1
687	1.8348236123E-1	1.819742621E-1
688	1.8372062583E-1	1.8219730198E-1
689	1.8401789818E-1	1.825007239E-1
690	1.8439658674E-1	1.8286274376E-1
691	1.8465011998E-1	1.8312035088E-1
692	1.8504957343E-1	1.8352585433E-1
693	1.8533663568E-1	1.8383242296E-1
694	1.8577220707E-1	1.8423576333E-1
695	1.8603271222E-1	1.8447451129E-1
696	1.8635514309E-1	1.8479671543E-1
697	1.8669000366E-1	1.8509422041E-1
698	1.8699985175E-1	1.8539094715E-1
699	1.8744731717E-1	1.8583096799E-1
700	1.8778753138E-1	1.8614285119E-1
701	1.8810633169E-1	1.8644441447E-1
702	1.8829426324E-1	1.8662184346E-1
703	1.8872879368E-1	1.8703328406E-1
704	1.8915116346E-1	1.8742205293E-1
705	1.8955742666E-1	1.8781622564E-1
706	1.8986239972E-1	1.8810001925E-1
707	1.9023390832E-1	1.8846733848E-1
708	1.9046655972E-1	1.8870420066E-1
709	1.9072229001E-1	1.8897621582E-1
710	1.9108690514E-1	1.8934048065E-1
711	1.9144256145E-1	1.8970712232E-1
712	1.9179543442E-1	1.9006518704E-1
713	1.9212581759E-1	1.9038925888E-1
714	1.9243052294E-1	1.906984471E-1
715	1.9272200496E-1	1.9098473001E-1
716	1.9305591352E-1	1.9131550746E-1
717	1.9339943396E-1	1.9166031742E-1
718	1.9368890151E-1	1.9197295097E-1
719	1.9405900742E-1	1.9231773644E-1
720	1.9432275472E-1	1.9259707737E-1
721	1.9462474999E-1	1.9291100395E-1
722	1.9494875273E-1	1.9323643248E-1
723	1.9527489049E-1	1.9356960202E-1
724	1.9546323187E-1	1.9374552852E-1
725	1.9579438317E-1	1.9405449753E-1
726	1.960570733E-1	1.9430854016E-1
727	1.9642947254E-1	1.9468228924E-1
728	1.967439246E-1	1.9499512437E-1
729	1.9703205652E-1	1.9529618208E-1
730	1.9741996139E-1	1.9570951772E-1
731	1.9778226052E-1	1.9607098146E-1
732	1.9809816711E-1	1.9639704309E-1
733	1.9837951366E-1	1.9666130454E-1
734	1.9869824615E-1	1.9698153329E-1
735	1.9900655884E-1	1.972809973E-1
736	1.9944329478E-1	1.9771609527E-1
737	1.9975060215E-1	1.9802009644E-1
738	2.0012271277E-1	1.9840745251E-1
739	2.0038246585E-1	1.9866523035E-1
740	2.0070367787E-1	1.9898393094E-1
741	2.0093077602E-1	1.9921344696E-1
742	2.0122887163E-1	1.9951121417E-1
743	2.0163398464E-1	1.9991543948E-1
744	2.0202764983E-1	2.003290274E-1
745	2.0231541134E-1	2.0062223573E-1
746	2.0266415194E-1	2.0095373356E-1
747	2.0295352579E-1	2.0123228916E-1
748	2.0323011848E-1	2.0152108259E-1
749	2.0359712702E-1	2.0191223523E-1
750	2.0399511397E-1	2.0229910718E-1
751	2.0433921613E-1	2.0266415209E-1
752	2.0464659988E-1	2.0298827625E-1
753	2.0499280607E-1	2.033221402E-1
754	2.053456148E-1	2.036718165E-1
755	2.0572363796E-1	2.0403728212E-1
756	2.0605075469E-1	2.0435231599E-1
757	2.0637753391E-1	2.0466411586E-1
758	2.0669265122E-1	2.0497155828E-1
759	2.0700844805E-1	2.0526694249E-1
760	2.0734695236E-1	2.0562094873E-1
761	2.0766027867E-1	2.0593803164E-1
762	2.0795971721E-1	2.0626513257E-1
763	2.0823951727E-1	2.0656137577E-1
764	2.0851568154E-1	2.0682615487E-1
765	2.0889779476E-1	2.0719048435E-1
766	2.09222309E-1	2.0752084514E-1
767	2.0957115376E-1	2.0783188827E-1
768	2.098624131E-1	2.0811211353E-1
769	2.1023457096E-1	2.0845526787E-1
770	2.1058992244E-1	2.0880005676E-1
771	2.109638192E-1	2.0916128118E-1
772	2.1134853466E-1	2.0953414202E-1
773	2.1171534493E-1	2.0990141397E-1
774	2.1211125967E-1	2.1031410155E-1
775	2.1234676831E-1	2.1053339678E-1
776	2.1268357266E-1	2.1085483568E-1
777	2.130437971E-1	2.1124307807E-1
778	2.1327480249E-1	2.1150528398E-1
779	2.1364828971E-1	2.1187291695E-1
780	2.1397868285E-1	2.1220139247E-1
781	2.143475596E-1	2.1256077854E-1
782	2.1460234056E-1	2.1287254604E-1
783	2.1493533608E-1	2.1321983021E-1
784	2.1528170106E-1	2.135497969E-1
785	2.1570851193E-1	2.139371662E-1
786	2.1604247713E-1	2.1429678881E-1
787	2.1643219429E-1	2.1466354354E-1
788	2.1678655135E-1	2.1501282058E-1
789	2.1718881578E-1	2.1539491817E-1
790	2.1743453925E-1	2.1567611651E-1
791	2.1781479797E-1	2.1604742734E-1
792	2.1808580939E-1	2.1632064715E-1
793	2.1853416541E-1	2.1678543737E-1
794	2.1887971693E-1	2.1714131169E-1
795	2.192522157E-1	2.175191564E-1
796	2.1954300355E-1	2.1779756293E-1
797	2.1994322353E-1	2.1816494888E-1
798	2.2028843985E-1	2.1847581332E-1
799	2.2052625944E-1	2.1875000132E-1
800	2.2090041019E-1	2.1910864796E-1
801	2.212727328E-1	2.194450886E-1
802	2.2163907884E-1	2.1978240044E-1
803	2.2196173261E-1	2.20084032E-1
804	2.2240737234E-1	2.205474027E-1
805	2.2281559206E-1	2.2094163087E-1
806	2.2325075852E-1	2.2136165791E-1
807	2.2354827042E-1	2.2166787842E-1
808	2.2383115574E-1	2.2194920658E-1
809	2.2410011267E-1	2.2225661896E-1
810	2.2434139465E-1	2.2249319094E-1
811	2.2452059854E-1	2.2266765865E-1
812	2.2481276348E-1	2.2295691066E-1
813	2.2514199315E-1	2.2329831963E-1
814	2.2551118259E-1	2.2364659053E-1
815	2.2587141538E-1	2.2400131063E-1
816	2.2616497463E-1	2.2428725832E-1
817	2.2652300319E-1	2.2465337165E-1
818	2.2683573383E-1	2.2498475821E-1
819	2.2722377093E-1	2.2533589625E-1
820	2.2769315723E-1	2.2581565375E-1
821	2.2806839204E-1	2.2619697395E-1
822	2.2845418816E-1	2.2657362013E-1
823	2.2884905967E-1	2.2694909444E-1
824	2.2917719456E-1	2.2727668575E-1
825	2.2962489231E-1	2.2769265902E-1
826	2.3004281556E-1	2.281332291E-1
827	2.3038527608E-1	2.2846865676E-1
828	2.3081033603E-1	2.2886776219E-1
829	2.3113589435E-1	2.291873104E-1
830	2.3154276478E-1	2.2960252878E-1
831	2.3192775515E-1	2.3003781252E-1
832	2.3230053679E-1	2.3043003182E-1
833	2.3264841865E-1	2.3078522575E-1
834	2.3303101752E-1	2.3115667039E-1
835	2.3336575309E-1	2.3147866488E-1
836	2.3369644929E-1	2.3179369904E-1
837	2.3411781717E-1	2.3220551788E-1
838	2.3439926961E-1	2.3248066722E-1
839	2.3484911114E-1	2.329439224E-1
840	2.3521472916E-1	2.3328457539E-1
841	2.3561986623E-1	2.3367089883E-1
842	2.3598791365E-1	2.3404765832E-1
843	2.3633617162E-1	2.3437521462E-1
844	2.366777669E-1	2.3471899465E-1
845	2.3700612272E-1	2.3504406641E-1
846	2.37263092E-1	2.3528354729E-1
847	2.3761125113E-1	2.3563609183E-1
848	2.3792049076E-1	2.3595752156E-1
849	2.3823337778E-1	2.362319477E-1
850	2.3869335659E-1	2.3667506055E-1
851	2.3888207877E-1	2.3685011028E-1
852	2.3925494607E-1	2.3721598872E-1
853	2.3966716074E-1	2.3758885836E-1
854	2.4001920853E-1	2.3790756954E-1
855	2.4026756579E-1	2.3814769768E-1
856	2.4068019472E-1	2.3854167822E-1
857	2.4107711974E-1	2.3895364926E-1
858	2.4146435668E-1	2.3935617085E-1
859	2.4186806089E-1	2.3974903223E-1
860	2.4220974161E-1	2.4006921839E-1
861	2.4258016224E-1	2.4045312721E-1
862	2.4295553711E-1	2.4080354851E-1
863	2.4334719696E-1	2.4117240962E-1
864	2.4376817664E-1	2.4157916951E-1
865	2.4419461158E-1	2.4198888719E-1
866	2.4452511052E-1	2.4231851192E-1
867	2.449298938E-1	2.4268961862E-1
868	2.4540239031E-1	2.4316896366E-1
869	2.4583630769E-1	2.4359863877E-1
870	2.4620705868E-1	2.4394454435E-1
871	2.4659042331E-1	2.4431428109E-1
872	2.4698495662E-1	2.4471213936E-1
873	2.4727723225E-1	2.4496926869E-1
874	2.4768420136E-1	2.4535364949E-1
875	2.480855753E-1	2.4574584862E-1
876	2.4844096324E-1	2.4605598499E-1
877	2.4881725324E-1	2.4642850752E-1
878	2.4926371415E-1	2.4685954959E-1
879	2.4979700409E-1	2.4741550963E-1
880	2.5022611254E-1	2.4784678639E-1
881	2.5062016281E-1	2.4823303813E-1
882	2.5096327135E-1	2.4860971633E-1
883	2.5137955294E-1	2.4896810462E-1
884	2.5168780142E-1	2.4928224692E-1
885	2.5211587448E-1	2.4968659735E-1
886	2.5244146483E-1	2.5001140697E-1
887	2.5272160778E-1	2.5027474626E-1
888	2.5310405166E-1	2.5065655849E-1
889	2.5353110825E-1	2.5106339348E-1
890	2.538088247E-1	2.5133058814E-1
891	2.5416566377E-1	2.5168981126E-1
892	2.5462855707E-1	2.5213644999E-1
893	2.5505034755E-1	2.5255916768E-1
894	2.5543123027E-1	2.5294934071E-1
895	2.5575863112E-1	2.5329432395E-1
896	2.5616952113E-1	2.536983875E-1
897	2.5652400471E-1	2.5406523524E-1
898	2.5698322604E-1	2.5450879138E-1
899	2.5739050605E-1	2.5492780415E-1
900	2.5776435929E-1	2.5532979275E-1
901	2.5810154923E-1	2.5564150971E-1
902	2.5846726501E-1	2.5599248004E-1
903	2.5889231489E-1	2.5645196181E-1
904	2.5943194062E-1	2.5697568144E-1
905	2.5979939324E-1	2.5731346803E-1
906	2.6021519104E-1	2.5773263745E-1
907	2.6065920643E-1	2.5820354665E-1
908	2.6105933566E-1	2.586044071E-1
909	2.6146398948E-1	2.5899002753E-1
910	2.6178332997E-1	2.5927384966E-1
911	2.6216415348E-1	2.5962265888E-1
912	2.6257843281E-1	2.6000840609E-1
913	2.6296735396E-1	2.603690838E-1
914	2.6334852058E-1	2.6075742914E-1
915	2.637070551E-1	2.6114429883E-1
916	2.6415853657E-1	2.6157392107E-1
917	2.644962063E-1	2.6191233792E-1
918	2.6486067413E-1	2.6228610715E-1
919	2.6532849282E-1	2.6276408338E-1
920	2.6574236841E-1	2.6317815209E-1
921	2.661307453E-1	2.6355983284E-1
922	2.6657937033E-1	2.6398338297E-1
923	2.6702279371E-1	2.6443384167E-1
924	2.6744598699E-1	2.648431821E-1
925	2.6778533664E-1	2.6521400536E-1
926	2.6816228524E-1	2.6562138903E-1
927	2.6863597634E-1	2.6603332312E-1
928	2.6902088414E-1	2.6638984814E-1
929	2.6942482286E-1	2.6677759021E-1
930	2.6997163267E-1	2.6733210584E-1
931	2.7044610566E-1	2.6778489839E-1
932	2.7068830702E-1	2.6805204842E-1
933	2.7101408042E-1	2.6838526205E-1
934	2.7140021689E-1	2.6873597954E-1
935	2.7181107113E-1	2.6912591136E-1
936	2.7233352527E-1	2.6965186876E-1
937	2.728402288E-1	2.700984401E-1
938	2.7317301708E-1	2.7044146777E-1
939	2.7364582547E-1	2.709136697E-1
940	2.7417299728E-1	2.714495563E-1
941	2.7460673929E-1	2.7188352374E-1
942	2.7501239944E-1	2.7232205332E-1
943	2.7526349618E-1	2.725657312E-1
944	2.7575311608E-1	2.7304837151E-1
945	2.7617802161E-1	2.7349343983E-1
946	2.7674930858E-1	2.7401709007E-1
947	2.7721440572E-1	2.744931778E-1
948	2.7755125371E-1	2.7485496442E-1
949	2.779819916E-1	2.7525557256E-1
950	2.7852615272E-1	2.7577585907E-1
951	2.7899181215E-1	2.7622433426E-1
952	2.7935459799E-1	2.7658413852E-1
953	2.7977867096E-1	2.7700611461E-1
954	2.8035684722E-1	2.7755106294E-1
955	2.8073376452E-1	2.779026599E-1
956	2.8117044534E-1	2.7837589451E-1
957	2.8168552526E-1	2.7889669483E-1
958	2.8211325745E-1	2.7940202171E-1
959	2.8256093129E-1	2.7987590425E-1
960	2.8299004427E-1	2.8031046927E-1
961	2.8350937749E-1	2.8081342807E-1
962	2.8402305912E-1	2.8127478114E-1
963	2.8454604651E-1	2.8179604015E-1
964	2.8491065469E-1	2.8217043236E-1
965	2.8539333688E-1	2.826214534E-1
966	2.8585616232E-1	2.8307476026E-1
967	2.8635382375E-1	2.8360764806E-1
968	2.8682929752E-1	2.8407592505E-1
969	2.8730633072E-1	2.8456007917E-1
970	2.8772818562E-1	2.8498157848E-1
971	2.8817914014E-1	2.8544403414E-1
972	2.88573121E-1	2.8581036325E-1
973	2.890182038E-1	2.8625023451E-1
974	2.8946502945E-1	2.8672659647E-1
975	2.8986010507E-1	2.8709717769E-1
976	2.9027828218E-1	2.8749535392E-1
977	2.9062543908E-1	2.878561668E-1
978	2.910753166E-1	2.8827914654E-1
979	2.9147846403E-1	2.8867759133E-1
980	2.9197938015E-1	2.8918540002E-1
981	2.9241719671E-1	2.8961627775E-1
982	2.9300105712E-1	2.901872618E-1
983	2.9357117194E-1	2.9075548528E-1
984	2.9415186723E-1	2.9130911579E-1
985	2.9452883236E-1	2.9168028666E-1
986	2.9497780354E-1	2.9212766872E-1
987	2.9546101828E-1	2.925945878E-1
988	2.9585009217E-1	2.9297344103E-1
989	2.9626807462E-1	2.9338818093E-1
990	2.9667572194E-1	2.9378655176E-1
991	2.9715492154E-1	2.942804408E-1
992	2.9760316977E-1	2.9471100098E-1
993	2.9804973223E-1	2.9516519348E-1
994	2.9847649202E-1	2.9554876912E-1
995	2.9892866748E-1	2.9599549726E-1
996	2.9932419591E-1	2.9640180976E-1
997	2.9980699541E-1	2.9689701663E-1
998	3.0023447065E-1	2.9736224196E-1
999	3.0069260411E-1	2.9781579714E-1
1000	3.0107193173E-1	2.9819310147E-1
1001	3.0141989807E-1	2.9853243035E-1
1002	3.0174818557E-1	2.9886469399E-1
1003	3.0228436556E-1	2.9939614683E-1
1004	3.0269726642E-1	2.9978800753E-1
1005	3.0306529807E-1	3.0012511949E-1
1006	3.0361174455E-1	3.0066166362E-1
1007	3.041414094E-1	3.0119256995E-1
1008	3.0469213252E-1	3.0172370954E-1
1009	3.0517254341E-1	3.0217517662E-1
1010	3.057199304E-1	3.0273379406E-1
1011	3.0620726546E-1	3.0320925459E-1
1012	3.0659076375E-1	3.0360774E-1
1013	3.0694782358E-1	3.0402008513E-1
1014	3.0746066231E-1	3.0454951459E-1
1015	3.0792514521E-1	3.0498778456E-1
1016	3.0831583559E-1	3.0538184847E-1
1017	3.0883609917E-1	3.0586707069E-1
1018	3.0929373333E-1	3.0630907215E-1
1019	3.0976404008E-1	3.0674875759E-1
1020	3.101848178E-1	3.0717878964E-1
1021	3.1068215334E-1	3.0765524501E-1
1022	3.1107955864E-1	3.0804040743E-1
1023	3.1163515043E-1	3.0857148429E-1
1024	3.1210183533E-1	3.0905729502E-1
1025	3.1266358685E-1	3.0961759945E-1
1026	3.130951495E-1	3.1003220472E-1
1027	3.1355633114E-1	3.1045957488E-1
1028	3.1416431915E-1	3.1107077998E-1
1029	3.146072859E-1	3.1151598549E-1
1030	3.1510082296E-1	3.1199662603E-1
1031	3.1559457021E-1	3.1248202554E-1
1032	3.1607752646E-1	3.1291806301E-1
1033	3.165653079E-1	3.133908459E-1
1034	3.1708123362E-1	3.139325404E-1
1035	3.1759925096E-1	3.1446741602E-1
1036	3.1805345655E-1	3.1491970686E-1
1037	3.1861140785E-1	3.1548577071E-1
1038	3.1921425853E-1	3.1606904759E-1
1039	3.1970723528E-1	3.1652466077E-1
1040	3.2024075861E-1	3.1706561141E-1
1041	3.2071399723E-1	3.175575837E-1
1042	3.2117465581E-1	3.1801760757E-1
1043	3.2181433123E-1	3.1863211871E-1
1044	3.2236025964E-1	3.1918684414E-1
1045	3.2285888317E-1	3.1968678924E-1
1046	3.233182797E-1	3.2017572689E-1
1047	3.2387134084E-1	3.2071581977E-1
1048	3.2446260299E-1	3.213276681E-1
1049	3.2489304294E-1	3.2178825092E-1
1050	3.2556346683E-1	3.2251155739E-1
1051	3.2617897092E-1	3.2313284639E-1
1052	3.2678656392E-1	3.2373269107E-1
1053	3.2740681933E-1	3.2432825077E-1
1054	3.2796034262E-1	3.248920404E-1
1055	3.2868300146E-1	3.2558844358E-1
1056	3.2917265308E-1	3.2608599686E-1
1057	3.2971311321E-1	3.2657083419E-1
1058	3.3027673555E-1	3.2713772784E-1
1059	3.3081495219E-1	3.2768646766E-1
1060	3.3137399938E-1	3.2827775219E-1
1061	3.3204467417E-1	3.2892584056E-1
1062	3.3256312497E-1	3.2939304063E-1
1063	3.3311375816E-1	3.2992919908E-1
1064	3.3358019419E-1	3.3041136288E-1
1065	3.3418188017E-1	3.3101557002E-1
1066	3.3473610091E-1	3.3153092952E-1
1067	3.3528814956E-1	3.3207996857E-1
1068	3.3578654037E-1	3.3257212223E-1
1069	3.3629752907E-1	3.3306826756E-1
1070	3.3663444472E-1	3.3341877334E-1
1071	3.3717654057E-1	3.3397048962E-1
1072	3.3784216214E-1	3.3462445826E-1
1073	3.3835404754E-1	3.3512890473E-1
1074	3.3887012564E-1	3.3562736841E-1
1075	3.394884254E-1	3.3628494749E-1
1076	3.4000539233E-1	3.368346539E-1
1077	3.4059455615E-1	3.3744933548E-1
1078	3.4118788498E-1	3.3803072315E-1
1079	3.4178530675E-1	3.3861467176E-1
1080	3.422778543E-1	3.3907826745E-1
1081	3.429680914E-1	3.3977457241E-1
1082	3.4342471997E-1	3.4023811259E-1
1083	3.4392263568E-1	3.4071292692E-1
1084	3.4436092873E-1	3.4116095069E-1
1085	3.4482369994E-1	3.4160566826E-1
1086	3.454325998E-1	3.4217855655E-1
1087	3.4605157476E-1	3.4276528042E-1
1088	3.4664281876E-1	3.4334303996E-1
1089	3.4720458878E-1	3.4389566448E-1
1090	3.4787228677E-1	3.4455849153E-1
1091	3.4823275971E-1	3.4492196511E-1
1092	3.489265766E-1	3.4559795468E-1
1093	3.4949002561E-1	3.461806958E-1
1094	3.5002282989E-1	3.4669488835E-1
1095	3.5053516155E-1	3.4723665357E-1
1096	3.5114867133E-1	3.4786414929E-1
1097	3.5174996812E-1	3.4845883952E-1
1098	3.5237998616E-1	3.4908777422E-1
1099	3.5286520909E-1	3.4956884122E-1
1100	3.5352994471E-1	3.5020990233E-1
1101	3.5404899376E-1	3.5074851986E-1
1102	3.5469863961E-1	3.5137455548E-1
1103	3.5528666681E-1	3.5196257062E-1
1104	3.559327264E-1	3.5259833864E-1
1105	3.5658628554E-1	3.5327516263E-1
1106	3.5713086613E-1	3.5378464328E-1
1107	3.5768058311E-1	3.5431722972E-1
1108	3.5819333865E-1	3.5484150875E-1
1109	3.5878158302E-1	3.5546769909E-1
1110	3.5931035732E-1	3.5597403218E-1
1111	3.5977471891E-1	3.5643625367E-1
1112	3.6036268916E-1	3.5697836207E-1
1113	3.6096297816E-1	3.5757767813E-1
1114	3.6175579709E-1	3.5836563995E-1
1115	3.6232352064E-1	3.5891215808E-1
1116	3.6282894796E-1	3.5939634387E-1
1117	3.6340086586E-1	3.5998600626E-1
1118	3.6397553375E-1	3.6054683543E-1
1119	3.6454113359E-1	3.6111455264E-1
1120	3.6523178504E-1	3.6178154718E-1
1121	3.6581866497E-1	3.6233822817E-1
1122	3.6640057734E-1	3.6293320174E-1
1123	3.6693501272E-1	3.6344109394E-1
1124	3.6760109926E-1	3.6410245043E-1
1125	3.6810981682E-1	3.6458475315E-1
1126	3.6856475837E-1	3.6504469195E-1
1127	3.69219263E-1	3.656798476E-1
1128	3.6983572152E-1	3.6628473245E-1
1129	3.7035748929E-1	3.6682959513E-1
1130	3.7092142564E-1	3.6742268132E-1
1131	3.7155532396E-1	3.6804509065E-1
1132	3.7215571579E-1	3.6864935721E-1
1133	3.727462027E-1	3.6926338864E-1
1134	3.7337682333E-1	3.6989076013E-1
1135	3.7398127878E-1	3.7048119573E-1
1136	3.7457779279E-1	3.7105436345E-1
1137	3.753097831E-1	3.7177435763E-1
1138	3.7595901599E-1	3.7239816661E-1
1139	3.767319053E-1	3.7317268892E-1
1140	3.7738619366E-1	3.7381528785E-1
1141	3.7818302492E-1	3.7455207275E-1
1142	3.7888765903E-1	3.7521010029E-1
1143	3.7948486014E-1	3.7578947582E-1
1144	3.8011668899E-1	3.7642212077E-1
1145	3.8071503195E-1	3.7699125608E-1
1146	3.8139215234E-1	3.7768587548E-1
1147	3.8212283576E-1	3.7836674911E-1
1148	3.8274743031E-1	3.7898011427E-1
1149	3.8344986831E-1	3.7965948076E-1
1150	3.8402550625E-1	3.8019929062E-1
1151	3.8473924518E-1	3.808769335E-1
1152	3.8536496804E-1	3.8148228296E-1
1153	3.8596214975E-1	3.8206366133E-1
1154	3.8663061587E-1	3.8271492201E-1
1155	3.8733094323E-1	3.8340876649E-1
1156	3.8785618489E-1	3.8395990953E-1
1157	3.8841172286E-1	3.8449380982E-1
1158	3.8907042823E-1	3.851714212E-1
1159	3.8959913179E-1	3.856834003E-1
1160	3.9037368626E-1	3.8642431738E-1
1161	3.9118350626E-1	3.8721004917E-1
1162	3.9180526223E-1	3.8782211583E-1
1163	3.9241020716E-1	3.8843104357E-1
1164	3.9286542194E-1	3.8895765753E-1
1165	3.9337560972E-1	3.8946443752E-1
1166	3.9399850785E-1	3.9007508656E-1
1167	3.9449417253E-1	3.9055737669E-1
1168	3.9507984255E-1	3.9115963718E-1
1169	3.9587932305E-1	3.919403744E-1
1170	3.965318916E-1	3.9259737369E-1
1171	3.9730588254E-1	3.9343190689E-1
1172	3.979971829E-1	3.9414520849E-1
1173	3.9869838434E-1	3.9486029249E-1
1174	3.9926929073E-1	3.9541148525E-1
1175	3.9984732446E-1	3.9598047361E-1
1176	4.0046262725E-1	3.9659346984E-1
1177	4.0092522555E-1	3.9702089984E-1
1178	4.0157030718E-1	3.9765520661E-1
1179	4.0209983251E-1	3.9817617289E-1
1180	4.0265878876E-1	3.9875614565E-1
1181	4.0324724147E-1	3.9931353169E-1
1182	4.0394073687E-1	4.0003082608E-1
1183	4.0460122865E-1	4.0069093539E-1
1184	4.0523395617E-1	4.0131674399E-1
1185	4.0598450523E-1	4.0208463563E-1
1186	4.0674475668E-1	4.028359695E-1
1187	4.0746744582E-1	4.0351773194E-1
1188	4.0815976215E-1	4.0423248144E-1
1189	4.0892325097E-1	4.0500591297E-1
1190	4.0970943648E-1	4.0580929308E-1
1191	4.1044871779E-1	4.0658984485E-1
1192	4.1114866349E-1	4.0733102455E-1
1193	4.1197534077E-1	4.0814349628E-1
1194	4.1281073543E-1	4.0898755313E-1
1195	4.1341246453E-1	4.0956301851E-1
1196	4.1417141426E-1	4.1034598148E-1
1197	4.1502071069E-1	4.1119593914E-1
1198	4.156038482E-1	4.1178580769E-1
1199	4.1610303329E-1	4.1227098621E-1
1200	4.1690735208E-1	4.1306614979E-1
1201	4.175684671E-1	4.1374324844E-1
1202	4.1819171454E-1	4.1436370119E-1
1203	4.1892645863E-1	4.150971683E-1
1204	4.1960439848E-1	4.1577761799E-1
1205	4.2031554393E-1	4.1647392249E-1
1206	4.2082171415E-1	4.1697033936E-1
1207	4.2121439955E-1	4.1734216957E-1
1208	4.2182727114E-1	4.1796331022E-1
1209	4.2261171978E-1	4.1869861204E-1
1210	4.2323855946E-1	4.1931388053E-1
1211	4.2387902581E-1	4.1992838708E-1
1212	4.2460394654E-1	4.2063555159E-1
1213	4.2542328459E-1	4.2144979577E-1
1214	4.2580345418E-1	4.2180557923E-1
1215	4.2654919948E-1	4.2253135874E-1
1216	4.2715841023E-1	4.2310428543E-1
1217	4.278476419E-1	4.2381499328E-1
1218	4.285582817E-1	4.2449801235E-1
1219	4.2896676816E-1	4.2491401043E-1
1220	4.2950057228E-1	4.2545142753E-1
1221	4.3027936938E-1	4.2621988608E-1
1222	4.3107162064E-1	4.2701380587E-1
1223	4.316376291E-1	4.2759125135E-1
1224	4.3249801973E-1	4.2841194466E-1
1225	4.3315636668E-1	4.2905946989E-1
1226	4.3362044489E-1	4.295053683E-1
1227	4.3418692063E-1	4.3007897342E-1
1228	4.3505217636E-1	4.3086924509E-1
1229	4.3548340866E-1	4.3126036353E-1
1230	4.3611918049E-1	4.3188214339E-1
1231	4.3688920245E-1	4.3264706343E-1
1232	4.3759102032E-1	4.3331693927E-1
1233	4.3840247523E-1	4.3411302284E-1
1234	4.3915901619E-1	4.3484434691E-1
1235	4.3958375025E-1	4.352794035E-1
1236	4.4041712973E-1	4.3610252362E-1
1237	4.4080389289E-1	4.3653393306E-1
1238	4.415515655E-1	4.3727276783E-1
1239	4.4202685105E-1	4.37782654E-1
1240	4.4287703299E-1	4.3863962094E-1
1241	4.4374924263E-1	4.3952712443E-1
1242	4.4414905233E-1	4.3995995938E-1
1243	4.4481400628E-1	4.4059677992E-1
1244	4.4554615003E-1	4.4134103059E-1
1245	4.4635436095E-1	4.4210928155E-1
1246	4.4666417025E-1	4.4241320573E-1
1247	4.473494628E-1	4.431056288E-1
1248	4.4780979732E-1	4.4360093922E-1
1249	4.4860679956E-1	4.4442234833E-1
1250	4.4906319309E-1	4.449006599E-1
1251	4.4990283027E-1	4.4571744001E-1
1252	4.505073789E-1	4.4631718708E-1
1253	4.5099458152E-1	4.467820877E-1
1254	4.5157274358E-1	4.4730382623E-1
1255	4.5229130704E-1	4.4800501376E-1
1256	4.5303453471E-1	4.487338844E-1
1257	4.537169357E-1	4.4939746513E-1
1258	4.5423335748E-1	4.49882465E-1
1259	4.5487224969E-1	4.5054519804E-1
1260	4.5555363018E-1	4.5125674419E-1
1261	4.5625303927E-1	4.5191346614E-1
1262	4.568255447E-1	4.524619154E-1
1263	4.5759327253E-1	4.5323455347E-1
1264	4.5848955162E-1	4.541445149E-1
1265	4.590879515E-1	4.5475997835E-1
1266	4.5963891043E-1	4.5529611482E-1
1267	4.6025204542E-1	4.5587676183E-1
1268	4.6085270017E-1	4.5649658269E-1
1269	4.6139521257E-1	4.5706733702E-1
1270	4.6209950944E-1	4.5770088471E-1
1271	4.6277968772E-1	4.583582742E-1
1272	4.6345320803E-1	4.5898569177E-1
1273	4.6391379844E-1	4.5947121892E-1
1274	4.6440312114E-1	4.5992265434E-1
1275	4.6520127008E-1	4.6070928064E-1
1276	4.6596947926E-1	4.614945053E-1
1277	4.6661000651E-1	4.6215897395E-1
1278	4.672827414E-1	4.6280048758E-1
1279	4.6789830129E-1	4.6338107488E-1
1280	4.6835865445E-1	4.638736687E-1
1281	4.6912589702E-1	4.6463126877E-1
1282	4.6959538273E-1	4.6513445585E-1
1283	4.7015239154E-1	4.6571336326E-1
1284	4.7076209447E-1	4.6633960626E-1
1285	4.7130614279E-1	4.6688361665E-1
1286	4.7203440952E-1	4.6759865648E-1
1287	4.7259176277E-1	4.6817143398E-1
1288	4.7321966429E-1	4.687815169E-1
1289	4.7391362532E-1	4.6943101313E-1
1290	4.7444870603E-1	4.6996852487E-1
1291	4.7512475138E-1	4.7062427529E-1
1292	4.7567467108E-1	4.7111038022E-1
1293	4.7619730944E-1	4.7165575542E-1
1294	4.7689791722E-1	4.723634782E-1
1295	4.7733358143E-1	4.7278020966E-1
1296	4.7781540575E-1	4.7323170207E-1
1297	4.7856670932E-1	4.7400008462E-1
1298	4.793325053E-1	4.7477497534E-1
1299	4.7999030537E-1	4.7540719236E-1
1300	4.8066505372E-1	4.7602555693E-1
1301	4.8102735498E-1	4.7639985198E-1
1302	4.8170816299E-1	4.7708363007E-1
1303	4.8222250211E-1	4.77602555E-1
1304	4.8280459069E-1	4.7819745168E-1
1305	4.833953816E-1	4.7883295053E-1
1306	4.8421960195E-1	4.7963521916E-1
1307	4.8473261136E-1	4.8013891279E-1
1308	4.8505090188E-1	4.8045743356E-1
1309	4.8580675227E-1	4.8120431184E-1
1310	4.8665236165E-1	4.8205130737E-1
1311	4.8709397445E-1	4.8250370778E-1
1312	4.8767734022E-1	4.8310202644E-1
1313	4.8825602125E-1	4.8372860008E-1
1314	4.8898453445E-1	4.8439737784E-1
1315	4.8956658339E-1	4.8498974163E-1
1316	4.9009980044E-1	4.8548093927E-1
1317	4.9077953464E-1	4.8611025415E-1
1318	4.9136846445E-1	4.8663683038E-1
1319	4.92132502E-1	4.8738280357E-1
1320	4.9286788824E-1	4.8807530047E-1
1321	4.9349388289E-1	4.8864399977E-1
1322	4.9396799066E-1	4.8909891238E-1
1323	4.9466363387E-1	4.8984492532E-1
1324	4.950195131E-1	4.9023227748E-1
1325	4.9586343459E-1	4.9109548856E-1
1326	4.9657724956E-1	4.9182350162E-1
1327	4.9711560166E-1	4.9232361487E-1
1328	4.9751261197E-1	4.9272579746E-1
1329	4.9807618566E-1	4.9325123279E-1
1330	4.9875306926E-1	4.9392428907E-1
1331	4.9925725799E-1	4.9444885005E-1
1332	4.9980578737E-1	4.949711356E-1
1333	5.0024901976E-1	4.9541260376E-1
1334	5.0081584621E-1	4.9598066341E-1
1335	5.016144576E-1	4.96796775E-1
1336	5.0243467094E-1	4.9763618426E-1
1337	5.0305591907E-1	4.9826824793E-1
1338	5.0370798288E-1	4.9894062282E-1
1339	5.042744431E-1	4.9950980169E-1
1340	5.0459734784E-1	4.9988365753E-1
1341	5.0527019251E-1	5.0050260027E-1
1342	5.0613444434E-1	5.0130328639E-1
1343	5.066947985E-1	5.0190233099E-1
1344	5.0756775434E-1	5.0274515156E-1
1345	5.0819245957E-1	5.0339223671E-1
1346	5.0889823497E-1	5.0409130743E-1
1347	5.0920326479E-1	5.0442928615E-1
1348	5.0964489701E-1	5.0491802505E-1
1349	5.1014362094E-1	5.0539902414E-1
1350	5.1065589995E-1	5.0593206611E-1
1351	5.1141062599E-1	5.0668688598E-1
1352	5.118897823E-1	5.0717011906E-1
1353	5.1228646009E-1	5.0758687321E-1
1354	5.1273533809E-1	5.0807886606E-1
1355	5.1346016218E-1	5.087562084E-1
1356	5.1389200659E-1	5.092016321E-1
1357	5.1447973245E-1	5.0976392461E-1
1358	5.1510157955E-1	5.1040724133E-1
1359	5.1573485848E-1	5.1104559809E-1
1360	5.1613873658E-1	5.1144451386E-1
1361	5.1672643199E-1	5.1204377017E-1
1362	5.1727065493E-1	5.125990588E-1
1363	5.1779560924E-1	5.1313302945E-1
1364	5.1838671448E-1	5.1373146607E-1
1365	5.1886378787E-1	5.1422469418E-1
1366	5.1941195766E-1	5.1478207607E-1
1367	5.1969845928E-1	5.1507289622E-1
1368	5.2010398734E-1	5.1548934768E-1
1369	5.2074851692E-1	5.1612865423E-1
1370	5.214562758E-1	5.1686454659E-1
1371	5.2242035157E-1	5.1787563763E-1
1372	5.3597518603E-1	5.3179918532E-1

