0	6.960180871E-3	6.960180871E-3
1	1.0715530827E-2	1.0676440901E-2
2	1.342061764E-2	1.3367251607E-2
3	1.6674752317E-2	1.6557438033E-2
4	1.9589319066E-2	1.9464405188E-2
5	2.1176938971E-2	2.1024034099E-2
6	2.2902525828E-2	2.2794835418E-2
7	2.4572351039E-2	2.4508610121E-2
8	2.5648118561E-2	2.5568587282E-2
9	2.6506784173E-2	2.6419998471E-2
10	2.7154478636E-2	2.7078100361E-2
11	2.7544155493E-2	2.7475824705E-2
12	2.774543153E-2	2.7661296426E-2
13	2.8227685328E-2	2.8156304938E-2
14	2.8547944089E-2	2.8479146838E-2
15	2.8806654855E-2	2.8738031962E-2
16	2.9133806672E-2	2.9069198273E-2
17	2.9397626445E-2	2.9347395009E-2
18	2.9638815802E-2	2.9586203289E-2
19	2.9825755478E-2	2.9763197112E-2
20	3.0091819063E-2	3.0009652792E-2
21	3.0240440226E-2	3.0153808385E-2
22	3.0482199261E-2	3.0402435102E-2
23	3.0693501652E-2	3.0618414504E-2
24	3.0853769963E-2	3.0762122339E-2
25	3.1062879069E-2	3.0968913541E-2
26	3.1255790311E-2	3.1154343319E-2
27	3.1360433908E-2	3.1262819206E-2
28	3.1649115811E-2	3.152323231E-2
29	3.1840038731E-2	3.1693866061E-2
30	3.2043894696E-2	3.1882137178E-2
31	3.2281187947E-2	3.2129560188E-2
32	3.2391157748E-2	3.2219376222E-2
33	3.2626960078E-2	3.2452734549E-2
34	3.2762257911E-2	3.260358145E-2
35	3.2863685022E-2	3.2694681008E-2
36	3.3109474486E-2	3.2929165676E-2
37	3.3353566482E-2	3.3166443292E-2
38	3.359141051E-2	3.3390092846E-2
39	3.3855170216E-2	3.3634932023E-2
40	3.4063214369E-2	3.3848602863E-2
41	3.4203888619E-2	3.4000225304E-2
42	3.4349351213E-2	3.4136087714E-2
43	3.4510313486E-2	3.4282907923E-2
44	3.470634984E-2	3.4465599228E-2
45	3.49153346E-2	3.4664550222E-2
46	3.5107196074E-2	3.4867137512E-2
47	3.5304351521E-2	3.5054340932E-2
48	3.5484904444E-2	3.5222737148E-2
49	3.5652624681E-2	3.5400319873E-2
50	3.5957163599E-2	3.5707428305E-2
51	3.6072368407E-2	3.5826023881E-2
52	3.6253884467E-2	3.5989974058E-2
53	3.6403879255E-2	3.6137110612E-2
54	3.6593278636E-2	3.6337443054E-2
55	3.6766570029E-2	3.6506486533E-2
56	3.6945059331E-2	3.6696295744E-2
57	3.7086224668E-2	3.6852881939E-2
58	3.7282609564E-2	3.7049161612E-2
59	3.7373984344E-2	3.7159085162E-2
60	3.7536167293E-2	3.7325399983E-2
61	3.7705401455E-2	3.7512052327E-2
62	3.7897445739E-2	3.7712189248E-2
63	3.810617696E-2	3.7948231784E-2
64	3.8310973036E-2	3.816348603E-2
65	3.8501968164E-2	3.8365385827E-2
66	3.8682120621E-2	3.8551266613E-2
67	3.8914656123E-2	3.876810101E-2
68	3.9064663119E-2	3.8922406486E-2
69	3.9123107622E-2	3.8966553561E-2
70	3.9297326186E-2	3.9131824056E-2
71	3.9408647312E-2	3.9260740401E-2
72	3.9526058901E-2	3.9382588616E-2
73	3.9734594619E-2	3.9589780156E-2
74	3.9872059408E-2	3.971555594E-2
75	4.0074510505E-2	3.9897068995E-2
76	4.0284548242E-2	4.0084997201E-2
77	4.0418917005E-2	4.0219993201E-2
78	4.066675672E-2	4.0472017E-2
79	4.0780150946E-2	4.0597806611E-2
80	4.0920746024E-2	4.0771446505E-2
81	4.1038667655E-2	4.0879591958E-2
82	4.1261576231E-2	4.1061364578E-2
83	4.1447019159E-2	4.1239559794E-2
84	4.1635344397E-2	4.1425386482E-2
85	4.1864440947E-2	4.1639447353E-2
86	4.202495876E-2	4.178300577E-2
87	4.2195604893E-2	4.1958501342E-2
88	4.2470532209E-2	4.2235048293E-2
89	4.2733792668E-2	4.2498415163E-2
90	4.2904091198E-2	4.2682246715E-2
91	4.3090910826E-2	4.2873004064E-2
92	4.329525059E-2	4.3079296634E-2
93	4.3490787852E-2	4.3266047208E-2
94	4.3613207768E-2	4.3384779062E-2
95	4.383177193E-2	4.3585414736E-2
96	4.3973657123E-2	4.3729252885E-2
97	4.4133196123E-2	4.3919611521E-2
98	4.4300519424E-2	4.4109186777E-2
99	4.4432798337E-2	4.4245876267E-2
100	4.4588232979E-2	4.4404713347E-2
101	4.4817112214E-2	4.4629383543E-2
102	4.5039547638E-2	4.483420015E-2
103	4.5197619744E-2	4.4984785825E-2
104	4.5321796411E-2	4.5095460709E-2
105	4.5501192279E-2	4.5290176542E-2
106	4.5719483317E-2	4.5489989349E-2
107	4.5956226875E-2	4.5738694653E-2
108	4.6145880619E-2	4.5948235457E-2
109	4.6324986555E-2	4.6145311302E-2
110	4.6516884544E-2	4.6349481069E-2
111	4.6817601897E-2	4.66545218E-2
112	4.7105362952E-2	4.6952129848E-2
113	4.7320680729E-2	4.7159409462E-2
114	4.7537378004E-2	4.7405786027E-2
115	4.7757372271E-2	4.760346368E-2
116	4.7935122594E-2	4.7813651654E-2
117	4.8073662595E-2	4.7957646254E-2
118	4.8288886425E-2	4.8177662684E-2
119	4.8411496847E-2	4.8304784467E-2
120	4.8643876054E-2	4.8568419536E-2
121	4.8788593511E-2	4.8712944433E-2
122	4.8993860797E-2	4.8941926727E-2
123	4.9167688938E-2	4.9133681315E-2
124	4.934061785E-2	4.9306035215E-2
125	4.9521901989E-2	4.9465817873E-2
126	4.9739149817E-2	4.9685314526E-2
127	4.9902340981E-2	4.98628262E-2
128	5.0093424377E-2	5.0049955846E-2
129	5.0235680809E-2	5.0180296645E-2
130	5.0390739992E-2	5.0338086368E-2
131	5.0552528157E-2	5.0525563003E-2
132	5.0742725857E-2	5.0734210734E-2
133	5.0904629661E-2	5.0898440365E-2
134	5.1073584895E-2	5.1072098397E-2
135	5.1260175279E-2	5.1263545983E-2
136	5.1374702028E-2	5.1387393788E-2
137	5.1565914848E-2	5.1589679221E-2
138	5.1809566817E-2	5.1836288044E-2
139	5.2091794791E-2	5.2099956291E-2
140	5.2239809487E-2	5.2253599252E-2
141	5.237328876E-2	5.2384357272E-2
142	5.2524230477E-2	5.253954427E-2
143	5.2681285705E-2	5.2682993661E-2
144	5.2791046256E-2	5.2825612672E-2
145	5.2991132139E-2	5.302391223E-2
146	5.3175097836E-2	5.3208141294E-2
147	5.3318560334E-2	5.3340755033E-2
148	5.3547419771E-2	5.3578844495E-2
149	5.3694873915E-2	5.372228157E-2
150	5.3895067209E-2	5.3916725695E-2
151	5.4146750393E-2	5.4191846919E-2
152	5.428275021E-2	5.4315695976E-2
153	5.4458442498E-2	5.4500214027E-2
154	5.4619985588E-2	5.4658339573E-2
155	5.4763728573E-2	5.4806178605E-2
156	5.4886649047E-2	5.4934618818E-2
157	5.5118007781E-2	5.5141710756E-2
158	5.5294021116E-2	5.5335714367E-2
159	5.5511340067E-2	5.5587851941E-2
160	5.5761766456E-2	5.583705392E-2
161	5.593390505E-2	5.6022378141E-2
162	5.6053581948E-2	5.6127290708E-2
163	5.6170304112E-2	5.6268078818E-2
164	5.6328328283E-2	5.6430448128E-2
165	5.6453968991E-2	5.6545727768E-2
166	5.6619648173E-2	5.6716491315E-2
167	5.6869191593E-2	5.6979366368E-2
168	5.703537043E-2	5.7127625795E-2
169	5.7268063506E-2	5.7362148755E-2
170	5.7413696148E-2	5.750281274E-2
171	5.7662106123E-2	5.7770234937E-2
172	5.7948667038E-2	5.8059229497E-2
173	5.8174926246E-2	5.8286630878E-2
174	5.8357971435E-2	5.8460806436E-2
175	5.8616614177E-2	5.8726013935E-2
176	5.8813780856E-2	5.8913616622E-2
177	5.8942503321E-2	5.903047329E-2
178	5.9135146336E-2	5.9215742642E-2
179	5.9330307009E-2	5.941488853E-2
180	5.9616668784E-2	5.9699260306E-2
181	5.9790719431E-2	5.9874580515E-2
182	6.0043752604E-2	6.0125723023E-2
183	6.0233233123E-2	6.031715432E-2
184	6.0442835592E-2	6.0529279568E-2
185	6.0578718193E-2	6.0673904392E-2
186	6.0797523831E-2	6.0885309274E-2
187	6.1044345081E-2	6.112195888E-2
188	6.1251121319E-2	6.1322752136E-2
189	6.1471534057E-2	6.1538986121E-2
190	6.1639574292E-2	6.1702638577E-2
191	6.1819140012E-2	6.1863422726E-2
192	6.2030668194E-2	6.2075537598E-2
193	6.217224644E-2	6.2227764171E-2
194	6.2305711356E-2	6.2349586202E-2
195	6.2472654962E-2	6.2520710766E-2
196	6.2579581094E-2	6.2632706642E-2
197	6.2722432417E-2	6.2766011365E-2
198	6.2976303349E-2	6.3020844141E-2
199	6.3147559821E-2	6.3195418616E-2
200	6.324160865E-2	6.3278631373E-2
201	6.3356091262E-2	6.3409235011E-2
202	6.3519702894E-2	6.3565849861E-2
203	6.3692001651E-2	6.3729124859E-2
204	6.3832805404E-2	6.3863904553E-2
205	6.4077966845E-2	6.4113575023E-2
206	6.4315689107E-2	6.4351550141E-2
207	6.4615796547E-2	6.4657975055E-2
208	6.4875143144E-2	6.4913951966E-2
209	6.5067331794E-2	6.5107628501E-2
210	6.5313627445E-2	6.5336409409E-2
211	6.5514923297E-2	6.554674105E-2
212	6.5765663989E-2	6.5803679298E-2
213	6.5944014344E-2	6.5983275967E-2
214	6.6170817425E-2	6.6212980261E-2
215	6.6340932728E-2	6.6367498263E-2
216	6.6594110643E-2	6.6620659657E-2
217	6.6818825617E-2	6.6854113476E-2
218	6.7051550739E-2	6.709037533E-2
219	6.7258237554E-2	6.7297135569E-2
220	6.7482480265E-2	6.7543366038E-2
221	6.7653581415E-2	6.7694720172E-2
222	6.7896975685E-2	6.7940654343E-2
223	6.8092784713E-2	6.8136742922E-2
224	6.8322284898E-2	6.8342728959E-2
225	6.8495055327E-2	6.8529665624E-2
226	6.8726425785E-2	6.8774832915E-2
227	6.8902928354E-2	6.8948454968E-2
228	6.9074522824E-2	6.9102340428E-2
229	6.9249094666E-2	6.9278680668E-2
230	6.9487252152E-2	6.9529333614E-2
231	6.9691876212E-2	6.9740728474E-2
232	6.9886015565E-2	6.9947749463E-2
233	7.0055791491E-2	7.0112711669E-2
234	7.0300497539E-2	7.0352089525E-2
235	7.0504405871E-2	7.054148319E-2
236	7.0761537292E-2	7.0788168087E-2
237	7.0907169577E-2	7.0944801273E-2
238	7.1123264428E-2	7.1145612781E-2
239	7.1304323239E-2	7.1325276204E-2
240	7.1499543811E-2	7.1487000224E-2
241	7.1631736366E-2	7.1604321375E-2
242	7.1789636433E-2	7.1770297393E-2
243	7.2076612278E-2	7.2068983479E-2
244	7.2334656048E-2	7.2299914878E-2
245	7.2586354674E-2	7.255442893E-2
246	7.2884736638E-2	7.2859421563E-2
247	7.3044435913E-2	7.3046309005E-2
248	7.3223650483E-2	7.3247426691E-2
249	7.3490019914E-2	7.3518445407E-2
250	7.3664892932E-2	7.369938737E-2
251	7.3901972844E-2	7.3943416283E-2
252	7.4159430303E-2	7.4193916765E-2
253	7.4314279878E-2	7.435826153E-2
254	7.4497175168E-2	7.4534247312E-2
255	7.4746779085E-2	7.4776065598E-2
256	7.4897594956E-2	7.4958674696E-2
257	7.5174563208E-2	7.5226231035E-2
258	7.5431496866E-2	7.5480741823E-2
259	7.5578748298E-2	7.5627726625E-2
260	7.5846465098E-2	7.5891543498E-2
261	7.6053612929E-2	7.6105805355E-2
262	7.6337096043E-2	7.6347865255E-2
263	7.6514457916E-2	7.6530461556E-2
264	7.6717024854E-2	7.6724811711E-2
265	7.6938384493E-2	7.6953257186E-2
266	7.7179202086E-2	7.7195532336E-2
267	7.7355852284E-2	7.7380879099E-2
268	7.751345267E-2	7.7515842147E-2
269	7.7686269623E-2	7.7692906396E-2
270	7.7857693129E-2	7.7851875006E-2
271	7.8104034678E-2	7.8099608249E-2
272	7.8305145526E-2	7.8278045829E-2
273	7.8519950218E-2	7.8488079073E-2
274	7.8751378234E-2	7.8692124318E-2
275	7.8975548156E-2	7.8935617458E-2
276	7.918690623E-2	7.9149293648E-2
277	7.9336786253E-2	7.9300105562E-2
278	7.9568831685E-2	7.9537104041E-2
279	7.98333686E-2	7.9778228023E-2
280	8.0002151169E-2	7.9949679991E-2
281	8.0229189924E-2	8.0155810736E-2
282	8.0423683349E-2	8.0365783965E-2
283	8.0659379876E-2	8.0595708723E-2
284	8.0823614576E-2	8.0775580776E-2
285	8.1140675413E-2	8.1075887038E-2
286	8.1377593605E-2	8.1329650866E-2
287	8.1631608767E-2	8.1600107493E-2
288	8.1835862441E-2	8.180491576E-2
289	8.2025290135E-2	8.1983787841E-2
290	8.2318873999E-2	8.2268683978E-2
291	8.2497174692E-2	8.2458692378E-2
292	8.2727961632E-2	8.2686031159E-2
293	8.2983234605E-2	8.2961666012E-2
294	8.3195086286E-2	8.3179053384E-2
295	8.3444700091E-2	8.3420614863E-2
296	8.3687484894E-2	8.3655776404E-2
297	8.3923968064E-2	8.390651803E-2
298	8.412049612E-2	8.4112166876E-2
299	8.4307148039E-2	8.4307075274E-2
300	8.4516667563E-2	8.4512963148E-2
301	8.4701586967E-2	8.4701996615E-2
302	8.4884302067E-2	8.4889974812E-2
303	8.5115902641E-2	8.511265206E-2
304	8.5313210069E-2	8.5312669402E-2
305	8.5618249889E-2	8.5603286243E-2
306	8.5878329457E-2	8.5847212672E-2
307	8.6069701186E-2	8.6052855322E-2
308	8.6313283775E-2	8.6294277094E-2
309	8.6585820585E-2	8.6561371851E-2
310	8.677304462E-2	8.6738921928E-2
311	8.7086955467E-2	8.7059548734E-2
312	8.731304574E-2	8.73041537E-2
313	8.7537621977E-2	8.7534663741E-2
314	8.7817459437E-2	8.78204151E-2
315	8.7968781006E-2	8.7968505576E-2
316	8.8179578886E-2	8.817000494E-2
317	8.8390579136E-2	8.8373078634E-2
318	8.8631860804E-2	8.8608614062E-2
319	8.8832377121E-2	8.8816584912E-2
320	8.9059721305E-2	8.9032858262E-2
321	8.928591943E-2	8.925119634E-2
322	8.9467217582E-2	8.9432571681E-2
323	8.9675096686E-2	8.9659453717E-2
324	8.9998346161E-2	8.9985224928E-2
325	9.024154888E-2	9.0237163441E-2
326	9.0412332433E-2	9.0412341911E-2
327	9.0612330845E-2	9.0643034416E-2
328	9.0818519974E-2	9.084078299E-2
329	9.1053915553E-2	9.1064816654E-2
330	9.1300508615E-2	9.1318756666E-2
331	9.1585855689E-2	9.1605361621E-2
332	9.1800345055E-2	9.1833422326E-2
333	9.1946546208E-2	9.1939042176E-2
334	9.2126402254E-2	9.2138437453E-2
335	9.2392167965E-2	9.2399503176E-2
336	9.2645507736E-2	9.2655587137E-2
337	9.2783633867E-2	9.2796472193E-2
338	9.3017929252E-2	9.3025026262E-2
339	9.3316661034E-2	9.3312706625E-2
340	9.3537480439E-2	9.3523318828E-2
341	9.3804699087E-2	9.378921973E-2
342	9.3958995918E-2	9.3939860342E-2
343	9.4171486443E-2	9.416587907E-2
344	9.4399471419E-2	9.4371543343E-2
345	9.472533295E-2	9.4707036495E-2
346	9.491161358E-2	9.4887411161E-2
347	9.5193661918E-2	9.5165143357E-2
348	9.5433445128E-2	9.5412240251E-2
349	9.566584237E-2	9.5650535738E-2
350	9.5913121566E-2	9.5907501232E-2
351	9.6192187009E-2	9.6170204682E-2
352	9.6473022585E-2	9.644088086E-2
353	9.6691022558E-2	9.6666339475E-2
354	9.6951540193E-2	9.6912121982E-2
355	9.71285102E-2	9.7090643845E-2
356	9.7442129714E-2	9.7406882545E-2
357	9.7723880558E-2	9.7705747209E-2
358	9.7997584382E-2	9.8001056775E-2
359	9.8263889759E-2	9.8274852591E-2
360	9.8393820637E-2	9.8426818762E-2
361	9.8608979161E-2	9.8646331358E-2
362	9.8768340063E-2	9.8801537104E-2
363	9.8941781308E-2	9.8987434651E-2
364	9.9155140514E-2	9.9203153132E-2
365	9.9426746515E-2	9.9471603648E-2
366	9.9673795184E-2	9.9713318934E-2
367	9.9914520574E-2	9.9955324202E-2
368	1.0015151237E-1	1.0020223928E-1
369	1.0037534093E-1	1.004078333E-1
370	1.0063146531E-1	1.0064844287E-1
371	1.0088500938E-1	1.0090445535E-1
372	1.0113019941E-1	1.0113947566E-1
373	1.013964051E-1	1.0141128495E-1
374	1.0165332181E-1	1.0168304698E-1
375	1.0188567744E-1	1.0190944739E-1
376	1.0218767962E-1	1.0220463241E-1
377	1.0249615068E-1	1.0246978081E-1
378	1.0267856626E-1	1.0264286337E-1
379	1.0293845362E-1	1.0289722701E-1
380	1.0318005055E-1	1.0313860715E-1
381	1.0340955248E-1	1.0337565542E-1
382	1.0357223873E-1	1.0353587244E-1
383	1.0381981788E-1	1.0379837097E-1
384	1.041047457E-1	1.0410187146E-1
385	1.0430089845E-1	1.043060573E-1
386	1.0457569294E-1	1.0459417887E-1
387	1.0483080215E-1	1.04848613E-1
388	1.0512284896E-1	1.0515668918E-1
389	1.0548043655E-1	1.0550863218E-1
390	1.05707274E-1	1.057503639E-1
391	1.0596311718E-1	1.0600178602E-1
392	1.0616940593E-1	1.062182922E-1
393	1.0648755676E-1	1.0653883699E-1
394	1.0664949503E-1	1.0672214087E-1
395	1.0695983093E-1	1.0703407443E-1
396	1.0716040271E-1	1.0723294419E-1
397	1.0734990727E-1	1.0742868685E-1
398	1.075995219E-1	1.0767488062E-1
399	1.0772255471E-1	1.078172491E-1
400	1.0806371717E-1	1.0816162866E-1
401	1.0830403441E-1	1.0841476892E-1
402	1.0855016359E-1	1.0865627882E-1
403	1.087850134E-1	1.0890814565E-1
404	1.0900949559E-1	1.0914617883E-1
405	1.0921290726E-1	1.0934011232E-1
406	1.0944402392E-1	1.0955968625E-1
407	1.0969708176E-1	1.0981680154E-1
408	1.1001997779E-1	1.101421928E-1
409	1.1021203145E-1	1.1035129963E-1
410	1.1042354172E-1	1.1056794254E-1
411	1.1062117867E-1	1.1076432746E-1
412	1.1085132274E-1	1.1098770034E-1
413	1.1104715183E-1	1.1117550033E-1
414	1.1125140644E-1	1.1138065257E-1
415	1.1141945474E-1	1.1153295391E-1
416	1.1164759506E-1	1.1178193179E-1
417	1.1181205775E-1	1.1194570377E-1
418	1.1202334715E-1	1.1216184007E-1
419	1.1215768113E-1	1.1230902563E-1
420	1.1240340029E-1	1.1254636194E-1
421	1.1254870536E-1	1.1269135666E-1
422	1.1272795552E-1	1.1286097059E-1
423	1.1305007124E-1	1.1317309285E-1
424	1.1327237752E-1	1.13406435E-1
425	1.1351008485E-1	1.1365506316E-1
426	1.1370432954E-1	1.1384926181E-1
427	1.1392133049E-1	1.1406357174E-1
428	1.1420840224E-1	1.1435103038E-1
429	1.1450248537E-1	1.1463403456E-1
430	1.147470754E-1	1.1489842886E-1
431	1.1500618584E-1	1.1514723811E-1
432	1.1540308292E-1	1.1554578633E-1
433	1.1565911454E-1	1.1578366862E-1
434	1.1596579352E-1	1.1608395025E-1
435	1.1621887016E-1	1.1633659725E-1
436	1.1643979976E-1	1.1654652616E-1
437	1.1662990237E-1	1.1672727399E-1
438	1.1687341967E-1	1.1698631866E-1
439	1.1715596654E-1	1.172568088E-1
440	1.1746492458E-1	1.1754728841E-1
441	1.1768653003E-1	1.1777018934E-1
442	1.1792843484E-1	1.1800111165E-1
443	1.1815262069E-1	1.1822992452E-1
444	1.1840827843E-1	1.1849289686E-1
445	1.186458155E-1	1.1874023364E-1
446	1.1889132627E-1	1.1898112456E-1
447	1.1907757381E-1	1.1915790698E-1
448	1.1931136677E-1	1.1941058708E-1
449	1.1956223316E-1	1.196606855E-1
450	1.1971141335E-1	1.1980676739E-1
451	1.1987612395E-1	1.1996473826E-1
452	1.2017311251E-1	1.2025229682E-1
453	1.2033168907E-1	1.2041340232E-1
454	1.2065988646E-1	1.2073824479E-1
455	1.2091298633E-1	1.2099534107E-1
456	1.2111011073E-1	1.2120551325E-1
457	1.2140078687E-1	1.215017809E-1
458	1.2166272834E-1	1.21760083E-1
459	1.2190139733E-1	1.2201821563E-1
460	1.2213050716E-1	1.2226100791E-1
461	1.2235714134E-1	1.2249607858E-1
462	1.2263880763E-1	1.2277428382E-1
463	1.2291687046E-1	1.2306114507E-1
464	1.2318399559E-1	1.2331021342E-1
465	1.2349083929E-1	1.236273419E-1
466	1.2374407679E-1	1.2386943234E-1
467	1.2397505434E-1	1.2409593904E-1
468	1.2421319461E-1	1.2433525523E-1
469	1.2446232609E-1	1.2457628238E-1
470	1.2464529178E-1	1.2476574163E-1
471	1.2496665046E-1	1.2507904878E-1
472	1.2527394305E-1	1.2539045395E-1
473	1.2547851219E-1	1.2560416765E-1
474	1.2570064723E-1	1.2581726927E-1
475	1.2585886631E-1	1.2597014691E-1
476	1.2612396166E-1	1.2623669215E-1
477	1.2635695941E-1	1.264748641E-1
478	1.2661206425E-1	1.2671818874E-1
479	1.2682569252E-1	1.2692180975E-1
480	1.2717820543E-1	1.2728461744E-1
481	1.2735512975E-1	1.2746484212E-1
482	1.2765486715E-1	1.2776492957E-1
483	1.2785772303E-1	1.2798604839E-1
484	1.2806517278E-1	1.2819954977E-1
485	1.2831040282E-1	1.2846013115E-1
486	1.285942316E-1	1.2874860488E-1
487	1.2885460809E-1	1.2901015101E-1
488	1.2921877107E-1	1.2936585629E-1
489	1.2948995583E-1	1.2963142598E-1
490	1.2977152881E-1	1.2992535248E-1
491	1.3010065011E-1	1.3026740987E-1
492	1.3030531511E-1	1.3049814015E-1
493	1.3062391307E-1	1.3085442163E-1
494	1.3089418615E-1	1.3113683022E-1
495	1.3123629959E-1	1.3147930916E-1
496	1.3147251153E-1	1.317069011E-1
497	1.3174271354E-1	1.3197406998E-1
498	1.3203130218E-1	1.3226187245E-1
499	1.3231703577E-1	1.3255166854E-1
500	1.3254283801E-1	1.3277793311E-1
501	1.3277665238E-1	1.3301442114E-1
502	1.3299161588E-1	1.3322468952E-1
503	1.3325579226E-1	1.3349642721E-1
504	1.3349987501E-1	1.3373118126E-1
505	1.3370711663E-1	1.3393806596E-1
506	1.3401357241E-1	1.3425862822E-1
507	1.3428645624E-1	1.3453774007E-1
508	1.3454235157E-1	1.3479448764E-1
509	1.3479979832E-1	1.3506200265E-1
510	1.350134914E-1	1.3527972425E-1
511	1.3525463491E-1	1.3551910409E-1
512	1.3553341357E-1	1.3578951107E-1
513	1.3578100944E-1	1.3605234645E-1
514	1.3606874076E-1	1.3633680942E-1
515	1.3635959521E-1	1.3663990456E-1
516	1.3667001631E-1	1.3694410092E-1
517	1.3693150693E-1	1.3721121021E-1
518	1.3709261387E-1	1.3736377851E-1
519	1.3739836123E-1	1.3767588897E-1
520	1.3781825054E-1	1.3809193816E-1
521	1.3804220764E-1	1.3831855459E-1
522	1.3825392691E-1	1.385329437E-1
523	1.3858739043E-1	1.3887143745E-1
524	1.3885013748E-1	1.3913882856E-1
525	1.3912825259E-1	1.394291744E-1
526	1.3949308481E-1	1.3978976969E-1
527	1.3974420557E-1	1.4003596847E-1
528	1.4001356008E-1	1.4029856758E-1
529	1.4027626252E-1	1.4054665287E-1
530	1.4045912629E-1	1.4072418802E-1
531	1.4074366106E-1	1.4100606721E-1
532	1.4101038359E-1	1.412884367E-1
533	1.4131529529E-1	1.4156845036E-1
534	1.4155606991E-1	1.4180178283E-1
535	1.4186767197E-1	1.4211390531E-1
536	1.4209409191E-1	1.4235272416E-1
537	1.424194849E-1	1.4266950965E-1
538	1.4271772099E-1	1.4296569624E-1
539	1.4296669124E-1	1.4320794977E-1
540	1.4328184455E-1	1.435300919E-1
541	1.4354132766E-1	1.4376519844E-1
542	1.4378620853E-1	1.4400575541E-1
543	1.4400685702E-1	1.442291717E-1
544	1.4428174591E-1	1.4450902019E-1
545	1.4451709137E-1	1.4474970588E-1
546	1.4476783825E-1	1.4500226539E-1
547	1.4499968269E-1	1.4524494812E-1
548	1.4532385401E-1	1.4558311002E-1
549	1.4557911938E-1	1.4582992847E-1
550	1.4591057122E-1	1.4615697634E-1
551	1.4614835205E-1	1.4640621075E-1
552	1.4652403922E-1	1.4676783351E-1
553	1.467729562E-1	1.4702779412E-1
554	1.4705970349E-1	1.4732329615E-1
555	1.4730099537E-1	1.4756173955E-1
556	1.4753450936E-1	1.4778900747E-1
557	1.4790448137E-1	1.4815682332E-1
558	1.4830474595E-1	1.4856170714E-1
559	1.4866968354E-1	1.4892788617E-1
560	1.4901625048E-1	1.4927837336E-1
561	1.4937623515E-1	1.4964550575E-1
562	1.4973528019E-1	1.4999875639E-1
563	1.5007947519E-1	1.5035112003E-1
564	1.5041593991E-1	1.5070281612E-1
565	1.5077205987E-1	1.510907978E-1
566	1.5106710194E-1	1.5140749417E-1
567	1.5137902904E-1	1.5172864038E-1
568	1.51644709E-1	1.5202221226E-1
569	1.5190249533E-1	1.5228984212E-1
570	1.5216952973E-1	1.5255813545E-1
571	1.5246995209E-1	1.5286451971E-1
572	1.5279379494E-1	1.531772714E-1
573	1.5309022503E-1	1.534832913E-1
574	1.5333383823E-1	1.5372184091E-1
575	1.5364052851E-1	1.5403480737E-1
576	1.5395618913E-1	1.5434149282E-1
577	1.5423004448E-1	1.5460511036E-1
578	1.5451298403E-1	1.5488590803E-1
579	1.5477098405E-1	1.5515010155E-1
580	1.5512834047E-1	1.5552570402E-1
581	1.5545571266E-1	1.5588029888E-1
582	1.5570290658E-1	1.5612494545E-1
583	1.5606731379E-1	1.5650631173E-1
584	1.56353528E-1	1.5678839912E-1
585	1.5668883144E-1	1.5712865175E-1
586	1.5704174496E-1	1.5748153949E-1
587	1.5737600162E-1	1.5783033109E-1
588	1.5760845282E-1	1.5805352484E-1
589	1.5795506288E-1	1.5839068729E-1
590	1.5827976657E-1	1.5872316316E-1
591	1.5853005386E-1	1.5896872676E-1
592	1.5886258467E-1	1.59316422E-1
593	1.591686787E-1	1.5960663243E-1
594	1.5951956409E-1	1.5997477574E-1
595	1.5982216374E-1	1.6028255743E-1
596	1.6009028246E-1	1.6058431626E-1
597	1.6034655556E-1	1.6086433392E-1
598	1.6066000925E-1	1.6118612694E-1
599	1.6091238875E-1	1.6144451268E-1
600	1.6118547925E-1	1.6171472881E-1
601	1.6145360666E-1	1.6200812788E-1
602	1.6170788718E-1	1.6224020861E-1
603	1.6188032281E-1	1.6241757497E-1
604	1.6213595059E-1	1.6268449276E-1
605	1.6234499119E-1	1.6288941329E-1
606	1.6264489941E-1	1.6319873636E-1
607	1.6299683109E-1	1.6355251997E-1
608	1.6332957818E-1	1.6385644432E-1
609	1.6360423414E-1	1.6413944692E-1
610	1.6381439854E-1	1.6435974875E-1
611	1.6410350193E-1	1.6465004546E-1
612	1.6436353196E-1	1.649019805E-1
613	1.6473216604E-1	1.6528681502E-1
614	1.6509999287E-1	1.6567301655E-1
615	1.6539978742E-1	1.6595786132E-1
616	1.6565729022E-1	1.6620748302E-1
617	1.6589480216E-1	1.6641427546E-1
618	1.6615805903E-1	1.6666070638E-1
619	1.6651872469E-1	1.6701773556E-1
620	1.667931785E-1	1.6728698498E-1
621	1.6701488129E-1	1.6751278036E-1
622	1.6720954046E-1	1.6769152383E-1
623	1.6747005561E-1	1.6795807859E-1
624	1.6778806617E-1	1.6824754026E-1
625	1.6812473176E-1	1.6860727415E-1
626	1.6852002443E-1	1.6897064628E-1
627	1.6878230659E-1	1.6921512265E-1
628	1.6919413999E-1	1.6961780996E-1
629	1.6943600335E-1	1.6984964647E-1
630	1.6966895601E-1	1.7007652454E-1
631	1.6994511814E-1	1.7035928819E-1
632	1.7036139056E-1	1.7079637299E-1
633	1.7064380367E-1	1.7110026358E-1
634	1.7103266845E-1	1.7149064023E-1
635	1.7140992386E-1	1.7181168314E-1
636	1.7172886062E-1	1.721284912E-1
637	1.7209093276E-1	1.7248776517E-1
638	1.7244096046E-1	1.7282389157E-1
639	1.728108912E-1	1.7319052272E-1
640	1.7304971918E-1	1.7341854555E-1
641	1.7328787858E-1	1.7365767048E-1
642	1.7352764239E-1	1.7390121245E-1
643	1.7373452456E-1	1.7407041248E-1
644	1.740714858E-1	1.7435585242E-1
645	1.743714883E-1	1.7466401788E-1
646	1.7465113754E-1	1.7495643643E-1
647	1.7493417617E-1	1.752134302E-1
648	1.7527889466E-1	1.7551518526E-1
649	1.7559172902E-1	1.7581617511E-1
650	1.7593763657E-1	1.7613469457E-1
651	1.7623338906E-1	1.7641402623E-1
652	1.7660684628E-1	1.7678564611E-1
653	1.7689813035E-1	1.7706654439E-1
654	1.7718829218E-1	1.7735020716E-1
655	1.7750880745E-1	1.7769474167E-1
656	1.7782288094E-1	1.7800839467E-1
657	1.7817798695E-1	1.7835736981E-1
658	1.7853238543E-1	1.787237475E-1
659	1.7887086554E-1	1.7903403405E-1
660	1.792056804E-1	1.7933974584E-1
661	1.7969439598E-1	1.7978712679E-1
662	1.8002153464E-1	1.8008245066E-1
663	1.8034986993E-1	1.8041199756E-1
664	1.8071538887E-1	1.8080696376E-1
665	1.8101975801E-1	1.8111543999E-1
666	1.8124111421E-1	1.8133424632E-1
667	1.8151873208E-1	1.8161743903E-1
668	1.8182176075E-1	1.8188854638E-1
669	1.8218531599E-1	1.8226496717E-1
670	1.8261507967E-1	1.8266956314E-1
671	1.8296205767E-1	1.8301014024E-1
672	1.8325117775E-1	1.832871443E-1
673	1.8347636897E-1	1.8348274725E-1
674	1.8376151328E-1	1.8375494713E-1
675	1.8396805547E-1	1.8397599895E-1
676	1.8432349368E-1	1.8432959258E-1
677	1.8467119285E-1	1.8468491506E-1
678	1.8493790093E-1	1.8492807724E-1
679	1.8525507411E-1	1.8523881958E-1
680	1.8557735715E-1	1.8557324649E-1
681	1.8591697637E-1	1.8583962415E-1
682	1.8632121581E-1	1.861862157E-1
683	1.8653365467E-1	1.8638606039E-1
684	1.8683529615E-1	1.8668640025E-1
685	1.870843632E-1	1.8693339121E-1
686	1.8740129964E-1	1.8721407832E-1
687	1.8768920378E-1	1.874859362E-1
688	1.8794977783E-1	1.8774620084E-1
689	1.8819931941E-1	1.8799854969E-1
690	1.8852093334E-1	1.8831921013E-1
691	1.8878952341E-1	1.8859132851E-1
692	1.8914189529E-1	1.8894522624E-1
693	1.8946492428E-1	1.8927238561E-1
694	1.8980558935E-1	1.8960157157E-1
695	1.9005029234E-1	1.8981548673E-1
696	1.9038947381E-1	1.9014511332E-1
697	1.9063564854E-1	1.9040042993E-1
698	1.9087021125E-1	1.906620318E-1
699	1.9121690418E-1	1.9099703894E-1
700	1.9150878813E-1	1.9129327142E-1
701	1.9180354225E-1	1.9159567959E-1
702	1.9211957786E-1	1.9191433663E-1
703	1.923931507E-1	1.9218823021E-1
704	1.9266038239E-1	1.9243025628E-1
705	1.9287499513E-1	1.9263571735E-1
706	1.9319504144E-1	1.9293414533E-1
707	1.9354009068E-1	1.9325352677E-1
708	1.9387783886E-1	1.9355333277E-1
709	1.9426743766E-1	1.9391238032E-1
710	1.9462615646E-1	1.9427186191E-1
711	1.9493694699E-1	1.9458530554E-1
712	1.9522796839E-1	1.9488601762E-1
713	1.9554519259E-1	1.9521716317E-1
714	1.9589686841E-1	1.9553251294E-1
715	1.9623761535E-1	1.9585656124E-1
716	1.9651809177E-1	1.9613994602E-1
717	1.9671772245E-1	1.9633755271E-1
718	1.9704763911E-1	1.9666821417E-1
719	1.9739851338E-1	1.9703491892E-1
720	1.9775340204E-1	1.9740873942E-1
721	1.9809804901E-1	1.9776315963E-1
722	1.9836441984E-1	1.980493936E-1
723	1.9871686211E-1	1.9843186282E-1
724	1.9903016353E-1	1.9873620386E-1
725	1.9933070423E-1	1.9902754597E-1
726	1.9971974993E-1	1.9939762587E-1
727	2.0002934954E-1	1.9971910993E-1
728	2.0033833775E-1	2.0003082821E-1
729	2.0065298014E-1	2.003561275E-1
730	2.0089280388E-1	2.0060579703E-1
731	2.0120346534E-1	2.0090381915E-1
732	2.0143143501E-1	2.0111626934E-1
733	2.0177238434E-1	2.0141441647E-1
734	2.0209407495E-1	2.0172038502E-1
735	2.0249732365E-1	2.0211547328E-1
736	2.0279699523E-1	2.0240512712E-1
737	2.0320456526E-1	2.0278408596E-1
738	2.0355948097E-1	2.031194452E-1
739	2.0400544035E-1	2.0353510727E-1
740	2.0432903384E-1	2.0387140246E-1
741	2.0469839045E-1	2.0424057819E-1
742	2.050203508E-1	2.0456089449E-1
743	2.053713878E-1	2.0488200958E-1
744	2.0569957355E-1	2.051969092E-1
745	2.0596788104E-1	2.0547540488E-1
746	2.0629351255E-1	2.0580874046E-1
747	2.0664919543E-1	2.0616729901E-1
748	2.0699192296E-1	2.0650795252E-1
749	2.0724926302E-1	2.0678485404E-1
750	2.0764314786E-1	2.071935133E-1
751	2.0809134621E-1	2.0765776376E-1
752	2.0834003573E-1	2.0793197599E-1
753	2.0871326357E-1	2.0831312663E-1
754	2.0917911776E-1	2.0877798593E-1
755	2.0955530414E-1	2.0914762831E-1
756	2.0979715118E-1	2.0937396719E-1
757	2.1011577027E-1	2.0968782619E-1
758	2.1039910611E-1	2.0997949133E-1
759	2.1071342062E-1	2.1030256848E-1
760	2.1107769317E-1	2.1067696653E-1
761	2.1146526277E-1	2.11087974E-1
762	2.1171014369E-1	2.1135066948E-1
763	2.1207891697E-1	2.1170382101E-1
764	2.1238426426E-1	2.1199849523E-1
765	2.1278396621E-1	2.1237015823E-1
766	2.1310412438E-1	2.1271225882E-1
767	2.133941839E-1	2.1297252325E-1
768	2.1370899986E-1	2.1329701608E-1
769	2.1406809467E-1	2.1364378192E-1
770	2.1441767596E-1	2.1400271607E-1
771	2.1478022967E-1	2.1435582635E-1
772	2.1511705333E-1	2.1469904116E-1
773	2.155620836E-1	2.1514532328E-1
774	2.1592921875E-1	2.1551272927E-1
775	2.1624791332E-1	2.1583169033E-1
776	2.1663793278E-1	2.1623802035E-1
777	2.1691591747E-1	2.1652979184E-1
778	2.1730436737E-1	2.1691422759E-1
779	2.1768782138E-1	2.1729998365E-1
780	2.1803572959E-1	2.1765779963E-1
781	2.1843253603E-1	2.1804087171E-1
782	2.1869618325E-1	2.1832055558E-1
783	2.1902376945E-1	2.1863402411E-1
784	2.1939926835E-1	2.1902382805E-1
785	2.1968798924E-1	2.1932396548E-1
786	2.2005697498E-1	2.1968077293E-1
787	2.2048439187E-1	2.2012704161E-1
788	2.2091113265E-1	2.2054101619E-1
789	2.2122524844E-1	2.2084614057E-1
790	2.2155003892E-1	2.2115825424E-1
791	2.2185659922E-1	2.2147291322E-1
792	2.2220933027E-1	2.2182255973E-1
793	2.2244394502E-1	2.2204340938E-1
794	2.2286335147E-1	2.2247349155E-1
795	2.2327421237E-1	2.2289218555E-1
796	2.2362033908E-1	2.2324682869E-1
797	2.2398807995E-1	2.2361955658E-1
798	2.2434599327E-1	2.239402052E-1
799	2.2462079144E-1	2.2421723775E-1
800	2.2497280914E-1	2.2459064104E-1
801	2.2530240159E-1	2.2492305333E-1
802	2.2563710881E-1	2.2523224906E-1
803	2.2597845239E-1	2.2558092659E-1
804	2.2636777745E-1	2.2595043644E-1
805	2.2674386802E-1	2.2630940452E-1
806	2.2707177856E-1	2.2664730324E-1
807	2.275267813E-1	2.2710311931E-1
808	2.2788193856E-1	2.2746881389E-1
809	2.2823304727E-1	2.2781994026E-1
810	2.2858128051E-1	2.2816095716E-1
811	2.2896814543E-1	2.2855464759E-1
812	2.2936453477E-1	2.2895091597E-1
813	2.2961682946E-1	2.2918034298E-1
814	2.3000358971E-1	2.2954514327E-1
815	2.3024460525E-1	2.2978268609E-1
816	2.3057251799E-1	2.3011959554E-1
817	2.3089666115E-1	2.30440274E-1
818	2.3131675578E-1	2.3086355355E-1
819	2.3166976041E-1	2.3122192179E-1
820	2.3194445849E-1	2.3150980563E-1
821	2.323438696E-1	2.3192682416E-1
822	2.3271257301E-1	2.3229014285E-1
823	2.3314541062E-1	2.3270603602E-1
824	2.3353754054E-1	2.3311313783E-1
825	2.3393165616E-1	2.3350084821E-1
826	2.3419457141E-1	2.3375979804E-1
827	2.346493453E-1	2.3417408085E-1
828	2.3508887432E-1	2.3461556645E-1
829	2.3548302932E-1	2.3501006503E-1
830	2.3577468074E-1	2.3528370184E-1
831	2.3618954471E-1	2.356773433E-1
832	2.3658026388E-1	2.360830196E-1
833	2.3693156514E-1	2.3643477714E-1
834	2.3740953717E-1	2.3689008872E-1
835	2.3777526799E-1	2.3722439148E-1
836	2.3819652817E-1	2.3762243588E-1
837	2.3866721802E-1	2.3808330901E-1
838	2.3902790908E-1	2.384424073E-1
839	2.3946457483E-1	2.3882749508E-1
840	2.3988637706E-1	2.3926006615E-1
841	2.4018869687E-1	2.3958017656E-1
842	2.4056544727E-1	2.3990657721E-1
843	2.4094872755E-1	2.4031697929E-1
844	2.4137873197E-1	2.4075811075E-1
845	2.4178478344E-1	2.4116400943E-1
846	2.4212731081E-1	2.4149970418E-1
847	2.4252298584E-1	2.4187973276E-1
848	2.4286259556E-1	2.4220923411E-1
849	2.4332884775E-1	2.4269858757E-1
850	2.4357283861E-1	2.4293996633E-1
851	2.4391538595E-1	2.4323823331E-1
852	2.4422647156E-1	2.4355538276E-1
853	2.4458517068E-1	2.4390147488E-1
854	2.4485397095E-1	2.441733225E-1
855	2.4531093465E-1	2.4465031116E-1
856	2.4565501815E-1	2.4495565685E-1
857	2.4595510623E-1	2.4524575348E-1
858	2.4640283174E-1	2.4566400393E-1
859	2.4684794371E-1	2.4607657341E-1
860	2.4717499919E-1	2.4636606914E-1
861	2.4759637548E-1	2.4673639182E-1
862	2.4805846709E-1	2.4717422695E-1
863	2.4839242752E-1	2.4748941909E-1
864	2.4873706255E-1	2.4782115999E-1
865	2.4907342056E-1	2.4815383045E-1
866	2.4948317499E-1	2.4856269933E-1
867	2.4978814035E-1	2.4886224592E-1
868	2.5005977043E-1	2.4913329185E-1
869	2.5044360858E-1	2.495151959E-1
870	2.5073481242E-1	2.4981264586E-1
871	2.5119445192E-1	2.5027287731E-1
872	2.5150998845E-1	2.5061440542E-1
873	2.5182507923E-1	2.509418285E-1
874	2.5218090776E-1	2.5127611607E-1
875	2.524832101E-1	2.5157016032E-1
876	2.5288209723E-1	2.5196660901E-1
877	2.5312556503E-1	2.5219755712E-1
878	2.5357885155E-1	2.5263935068E-1
879	2.5391052489E-1	2.5295395273E-1
880	2.5431473703E-1	2.5336036616E-1
881	2.5474675583E-1	2.5376901951E-1
882	2.5512003409E-1	2.5412409157E-1
883	2.5550734587E-1	2.5452436752E-1
884	2.5578426246E-1	2.5480784788E-1
885	2.5621724037E-1	2.5524070772E-1
886	2.5658036103E-1	2.5562003702E-1
887	2.5695531552E-1	2.5601981913E-1
888	2.5720746711E-1	2.5628343142E-1
889	2.5756046922E-1	2.56658516E-1
890	2.5800276775E-1	2.5708527499E-1
891	2.5837941318E-1	2.574177785E-1
892	2.587551287E-1	2.5778849126E-1
893	2.5915062451E-1	2.5819331739E-1
894	2.594999108E-1	2.584974688E-1
895	2.5982937323E-1	2.5884023683E-1
896	2.6020918149E-1	2.5921729232E-1
897	2.6062636936E-1	2.5961489061E-1
898	2.60987484E-1	2.5997321839E-1
899	2.6127018253E-1	2.6027607205E-1
900	2.6169360197E-1	2.6068384778E-1
901	2.620905846E-1	2.6108075437E-1
902	2.6244574481E-1	2.6139210872E-1
903	2.62856122E-1	2.6180905156E-1
904	2.6332707009E-1	2.6229086419E-1
905	2.6363441045E-1	2.6258899949E-1
906	2.6399846359E-1	2.6297647422E-1
907	2.6453837467E-1	2.6350188262E-1
908	2.6487303186E-1	2.6381928222E-1
909	2.6521182626E-1	2.6416900364E-1
910	2.6564760159E-1	2.6457565607E-1
911	2.6612926402E-1	2.6508179639E-1
912	2.6650154626E-1	2.6544566553E-1
913	2.6694157322E-1	2.6586017307E-1
914	2.6725940658E-1	2.6621439736E-1
915	2.6765203693E-1	2.6661697119E-1
916	2.6808906687E-1	2.6705683603E-1
917	2.6858957529E-1	2.6751024055E-1
918	2.6890566145E-1	2.6781051538E-1
919	2.6926949615E-1	2.6816654763E-1
920	2.6970157777E-1	2.686293293E-1
921	2.7011321879E-1	2.6904350934E-1
922	2.7050861315E-1	2.6940678942E-1
923	2.7087421402E-1	2.6977068771E-1
924	2.7130549338E-1	2.7019421604E-1
925	2.7175381766E-1	2.7063895326E-1
926	2.7219388715E-1	2.7107613362E-1
927	2.7265277403E-1	2.7151992618E-1
928	2.7313526171E-1	2.7200844064E-1
929	2.7369166844E-1	2.7256037345E-1
930	2.7399062888E-1	2.7289005317E-1
931	2.743691862E-1	2.7326989504E-1
932	2.7487912246E-1	2.7374220373E-1
933	2.7526396867E-1	2.7413157895E-1
934	2.7566981121E-1	2.7452498105E-1
935	2.761311334E-1	2.7498944817E-1
936	2.7658906189E-1	2.7543926007E-1
937	2.7697886625E-1	2.7581035278E-1
938	2.7745042898E-1	2.7625676296E-1
939	2.7792504453E-1	2.7673987957E-1
940	2.7837368729E-1	2.7716558928E-1
941	2.7878486136E-1	2.7757504151E-1
942	2.7912953377E-1	2.778738315E-1
943	2.795866998E-1	2.7831466006E-1
944	2.8006629939E-1	2.7880405631E-1
945	2.8043702058E-1	2.7916354936E-1
946	2.8087047261E-1	2.7956455438E-1
947	2.812985194E-1	2.7997584057E-1
948	2.8171926635E-1	2.8037967264E-1
949	2.8205913206E-1	2.8074380439E-1
950	2.8244025918E-1	2.8112210269E-1
951	2.8280899658E-1	2.8149171439E-1
952	2.8315627565E-1	2.818308789E-1
953	2.8352734737E-1	2.8219973614E-1
954	2.8397274258E-1	2.8264567719E-1
955	2.8447101491E-1	2.8314636242E-1
956	2.8490985885E-1	2.8358411329E-1
957	2.8536392348E-1	2.840442756E-1
958	2.8570720138E-1	2.8439866717E-1
959	2.8616819552E-1	2.8482191244E-1
960	2.8660338017E-1	2.8525039086E-1
961	2.8690596828E-1	2.8558510465E-1
962	2.8724149528E-1	2.8590780359E-1
963	2.8768385669E-1	2.8636543205E-1
964	2.8813439175E-1	2.8679241587E-1
965	2.8863363154E-1	2.8729382446E-1
966	2.8900259676E-1	2.8767170025E-1
967	2.8949171047E-1	2.8816469995E-1
968	2.8989824482E-1	2.8852720658E-1
969	2.9042129575E-1	2.8903033447E-1
970	2.9084236461E-1	2.894639833E-1
971	2.9129267952E-1	2.899034367E-1
972	2.9172817505E-1	2.9032437033E-1
973	2.9224002168E-1	2.9084201333E-1
974	2.92784624E-1	2.913473012E-1
975	2.9323161175E-1	2.917776402E-1
976	2.9361377692E-1	2.9214913276E-1
977	2.9404767399E-1	2.9258453148E-1
978	2.9447182829E-1	2.9304516507E-1
979	2.9485345142E-1	2.9343266221E-1
980	2.953003896E-1	2.9388929819E-1
981	2.9584808547E-1	2.944061116E-1
982	2.9639795328E-1	2.9495915351E-1
983	2.968544447E-1	2.9540856081E-1
984	2.9730469721E-1	2.9582975876E-1
985	2.977546924E-1	2.9627107571E-1
986	2.9824087443E-1	2.96742232E-1
987	2.9869971264E-1	2.971841318E-1
988	2.991797232E-1	2.9763128471E-1
989	2.9959583001E-1	2.9801717201E-1
990	3.0000110939E-1	2.9844857588E-1
991	3.005209641E-1	2.9898326834E-1
992	3.0095674606E-1	2.994113909E-1
993	3.0141001513E-1	2.9986202755E-1
994	3.0179699658E-1	3.0029125723E-1
995	3.0216767853E-1	3.0068076152E-1
996	3.0269728322E-1	3.0124032513E-1
997	3.0300860595E-1	3.0155325092E-1
998	3.0343342731E-1	3.0198745173E-1
999	3.0390306441E-1	3.024780795E-1
1000	3.044204768E-1	3.02996459E-1
1001	3.0478584902E-1	3.0335129374E-1
1002	3.0515585959E-1	3.0375231211E-1
1003	3.0571032689E-1	3.0429881994E-1
1004	3.0613978417E-1	3.0473586934E-1
1005	3.0654939334E-1	3.0516561374E-1
1006	3.0706943794E-1	3.0563851351E-1
1007	3.0759238371E-1	3.0617183839E-1
1008	3.0800185576E-1	3.0659604364E-1
1009	3.0845220751E-1	3.0702843073E-1
1010	3.0889888889E-1	3.0745620346E-1
1011	3.0932246782E-1	3.0786244314E-1
1012	3.0965727133E-1	3.0818760221E-1
1013	3.1013962392E-1	3.0866914426E-1
1014	3.105476982E-1	3.0911255755E-1
1015	3.1091625904E-1	3.0948654992E-1
1016	3.1149917061E-1	3.1009011805E-1
1017	3.1203380364E-1	3.1062719027E-1
1018	3.1255468192E-1	3.1117217066E-1
1019	3.130678105E-1	3.1165899147E-1
1020	3.1360513906E-1	3.1214541739E-1
1021	3.1410418092E-1	3.1265453344E-1
1022	3.1458258992E-1	3.1309556115E-1
1023	3.1496926109E-1	3.1352043297E-1
1024	3.1548613874E-1	3.1403230883E-1
1025	3.1606284946E-1	3.1459248035E-1
1026	3.1658461271E-1	3.1506122352E-1
1027	3.17109155E-1	3.1557316033E-1
1028	3.1759552326E-1	3.1602699999E-1
1029	3.1802506592E-1	3.1641249689E-1
1030	3.1847741152E-1	3.168360855E-1
1031	3.1890333689E-1	3.1725187648E-1
1032	3.1930109874E-1	3.1761945125E-1
1033	3.1979424167E-1	3.1809469023E-1
1034	3.204090307E-1	3.18674021E-1
1035	3.2084365097E-1	3.1911877771E-1
1036	3.2123160189E-1	3.195115524E-1
1037	3.2176347089E-1	3.2007039862E-1
1038	3.2228965258E-1	3.2060399834E-1
1039	3.2276802414E-1	3.2104515828E-1
1040	3.2324395183E-1	3.2153057453E-1
1041	3.2365698133E-1	3.2192506172E-1
1042	3.2424723632E-1	3.225030525E-1
1043	3.2470566505E-1	3.2292813213E-1
1044	3.2524381077E-1	3.234574452E-1
1045	3.2582114971E-1	3.2399881866E-1
1046	3.2640266174E-1	3.2454347048E-1
1047	3.2691046074E-1	3.2503763167E-1
1048	3.2751560347E-1	3.2565849039E-1
1049	3.2806877367E-1	3.2620557472E-1
1050	3.2864460759E-1	3.2672200325E-1
1051	3.2919233347E-1	3.2726266595E-1
1052	3.2957823196E-1	3.2763446228E-1
1053	3.3021048997E-1	3.2823320706E-1
1054	3.3077660056E-1	3.2876383952E-1
1055	3.3129244206E-1	3.2928435596E-1
1056	3.3174635651E-1	3.2972981808E-1
1057	3.3219392312E-1	3.3019495038E-1
1058	3.3277737582E-1	3.3075568337E-1
1059	3.3341738519E-1	3.3143729291E-1
1060	3.3385380766E-1	3.3186660815E-1
1061	3.3434954907E-1	3.3237504472E-1
1062	3.3496670355E-1	3.3294223949E-1
1063	3.3556042478E-1	3.3348482384E-1
1064	3.3625334634E-1	3.3414674817E-1
1065	3.3676415449E-1	3.3465629146E-1
1066	3.3728395646E-1	3.3520806552E-1
1067	3.3778730758E-1	3.3568008235E-1
1068	3.383424326E-1	3.3618838374E-1
1069	3.3871788376E-1	3.3656392519E-1
1070	3.3928882351E-1	3.3713914692E-1
1071	3.3984112636E-1	3.3766862153E-1
1072	3.4024747342E-1	3.3810228591E-1
1073	3.4071503509E-1	3.3854892692E-1
1074	3.4130264852E-1	3.3912759335E-1
1075	3.419717602E-1	3.3979333599E-1
1076	3.4255348144E-1	3.4034847315E-1
1077	3.431000631E-1	3.4089244953E-1
1078	3.4376039671E-1	3.4153878185E-1
1079	3.4417138719E-1	3.4189618132E-1
1080	3.4471859214E-1	3.4242824482E-1
1081	3.4517254519E-1	3.428642118E-1
1082	3.4578142542E-1	3.4346660958E-1
1083	3.46301826E-1	3.4395632723E-1
1084	3.4681708075E-1	3.4449895786E-1
1085	3.4741205324E-1	3.4503329158E-1
1086	3.4781536742E-1	3.454472506E-1
1087	3.4833912993E-1	3.4594679076E-1
1088	3.4871564514E-1	3.4629881918E-1
1089	3.4925399434E-1	3.4683185486E-1
1090	3.4991979894E-1	3.4749912154E-1
1091	3.5035552828E-1	3.4793600163E-1
1092	3.5080719264E-1	3.4839577517E-1
1093	3.5130687123E-1	3.4890737793E-1
1094	3.5183230335E-1	3.4943690336E-1
1095	3.5239895911E-1	3.4998352897E-1
1096	3.5289561722E-1	3.5048938061E-1
1097	3.5348881118E-1	3.5106340339E-1
1098	3.5412533285E-1	3.5164967052E-1
1099	3.547224774E-1	3.5222698792E-1
1100	3.5536977004E-1	3.528506412E-1
1101	3.5595477503E-1	3.5342752115E-1
1102	3.565702424E-1	3.5401614142E-1
1103	3.571538512E-1	3.5458353092E-1
1104	3.5762568457E-1	3.5507474178E-1
1105	3.5816794477E-1	3.5562492942E-1
1106	3.5865957179E-1	3.5614098501E-1
1107	3.5902903893E-1	3.5651701771E-1
1108	3.5949266443E-1	3.5699989766E-1
1109	3.6022798823E-1	3.5770463486E-1
1110	3.6074813916E-1	3.5823889369E-1
1111	3.6139069242E-1	3.5891376782E-1
1112	3.6207350597E-1	3.5955647416E-1
1113	3.6253058305E-1	3.600030853E-1
1114	3.6303901292E-1	3.6051245588E-1
1115	3.636656723E-1	3.6114723465E-1
1116	3.6425240045E-1	3.6169735887E-1
1117	3.6495991591E-1	3.6239541277E-1
1118	3.656335556E-1	3.6306030273E-1
1119	3.66179808E-1	3.6358802097E-1
1120	3.666895036E-1	3.6408856212E-1
1121	3.6721213264E-1	3.6456570551E-1
1122	3.6774761944E-1	3.6506922255E-1
1123	3.684136705E-1	3.6578271912E-1
1124	3.6912512591E-1	3.6647591969E-1
1125	3.6988492392E-1	3.6721436459E-1
1126	3.7062001666E-1	3.6794304862E-1
1127	3.7123714625E-1	3.6853434361E-1
1128	3.7184223326E-1	3.6916668305E-1
1129	3.7241961266E-1	3.6973978372E-1
1130	3.7296655884E-1	3.7030794178E-1
1131	3.7368641161E-1	3.7102375062E-1
1132	3.7426583852E-1	3.7157209874E-1
1133	3.7485518047E-1	3.7216593254E-1
1134	3.754388586E-1	3.7275179774E-1
1135	3.7591443384E-1	3.7322446366E-1
1136	3.765022144E-1	3.7382634387E-1
1137	3.7694676401E-1	3.7427203964E-1
1138	3.7744058477E-1	3.7476821591E-1
1139	3.7807569358E-1	3.7538656921E-1
1140	3.7875821344E-1	3.7604985528E-1
1141	3.7943145611E-1	3.767020034E-1
1142	3.8010382292E-1	3.7737987493E-1
1143	3.8084494553E-1	3.7810404913E-1
1144	3.8153266357E-1	3.7881834199E-1
1145	3.8207982445E-1	3.7936949448E-1
1146	3.8267007025E-1	3.7998591324E-1
1147	3.8333671204E-1	3.8064794217E-1
1148	3.8409406824E-1	3.8137526841E-1
1149	3.8484459923E-1	3.8214765348E-1
1150	3.8543304045E-1	3.8276613231E-1
1151	3.8623337025E-1	3.8358654565E-1
1152	3.8693610509E-1	3.8429256772E-1
1153	3.876225127E-1	3.8493903669E-1
1154	3.8825780713E-1	3.8560614771E-1
1155	3.8898973358E-1	3.8629290299E-1
1156	3.8954209416E-1	3.8684698856E-1
1157	3.9013493142E-1	3.874028712E-1
1158	3.907589154E-1	3.8806658781E-1
1159	3.9140064169E-1	3.887320494E-1
1160	3.9205397419E-1	3.8938024171E-1
1161	3.9259223168E-1	3.8988970484E-1
1162	3.9313060557E-1	3.9043165029E-1
1163	3.9385726254E-1	3.9116748917E-1
1164	3.9452098423E-1	3.9183464637E-1
1165	3.9501964479E-1	3.9235660932E-1
1166	3.9569938799E-1	3.9302048445E-1
1167	3.9626087595E-1	3.9359102764E-1
1168	3.9680853036E-1	3.9412212403E-1
1169	3.9749821269E-1	3.9476530339E-1
1170	3.9806889366E-1	3.9528968087E-1
1171	3.9872445262E-1	3.9594996293E-1
1172	3.9940361015E-1	3.9663677917E-1
1173	4.0034350291E-1	3.9752253829E-1
1174	4.0107383886E-1	3.9826018514E-1
1175	4.017779826E-1	3.9891051804E-1
1176	4.0225443239E-1	3.9936495445E-1
1177	4.029906718E-1	4.0007829631E-1
1178	4.0377724526E-1	4.0086149063E-1
1179	4.0437221022E-1	4.0151443903E-1
1180	4.0513069097E-1	4.0225475545E-1
1181	4.0574774024E-1	4.0287909147E-1
1182	4.0654153572E-1	4.036823738E-1
1183	4.0720641051E-1	4.0435938285E-1
1184	4.0792290533E-1	4.0509298968E-1
1185	4.0865409046E-1	4.0582274793E-1
1186	4.091862344E-1	4.0637641029E-1
1187	4.098543337E-1	4.0703585569E-1
1188	4.1061676888E-1	4.0776176218E-1
1189	4.1124614235E-1	4.0832238467E-1
1190	4.117800879E-1	4.0891370827E-1
1191	4.125025107E-1	4.0961644025E-1
1192	4.1326809248E-1	4.1036593323E-1
1193	4.1391187862E-1	4.1101438669E-1
1194	4.1441308885E-1	4.1151779331E-1
1195	4.1502671237E-1	4.1212195841E-1
1196	4.1566896208E-1	4.1277596809E-1
1197	4.1642709162E-1	4.1355071674E-1
1198	4.1714321573E-1	4.1423071192E-1
1199	4.1772784506E-1	4.1478579701E-1
1200	4.1833179898E-1	4.1540754968E-1
1201	4.190121391E-1	4.160647348E-1
1202	4.196856505E-1	4.1671284403E-1
1203	4.2037167632E-1	4.1741935184E-1
1204	4.2096163963E-1	4.18019044E-1
1205	4.2160719857E-1	4.1866810808E-1
1206	4.2227818055E-1	4.1937023501E-1
1207	4.2304358583E-1	4.2010553684E-1
1208	4.2374822502E-1	4.208359185E-1
1209	4.2452516276E-1	4.2161475132E-1
1210	4.2516297121E-1	4.2226113929E-1
1211	4.257498555E-1	4.228965619E-1
1212	4.2634849715E-1	4.2349251894E-1
1213	4.267706508E-1	4.2390927761E-1
1214	4.2744103264E-1	4.2454536575E-1
1215	4.2794865859E-1	4.250248337E-1
1216	4.2844817683E-1	4.2552392521E-1
1217	4.2933122039E-1	4.2640700118E-1
1218	4.3014352092E-1	4.2721757436E-1
1219	4.3072932965E-1	4.2777380228E-1
1220	4.312450659E-1	4.2823423564E-1
1221	4.3187195077E-1	4.2880053949E-1
1222	4.3229398039E-1	4.2921057088E-1
1223	4.3289317431E-1	4.2984366894E-1
1224	4.3337288618E-1	4.3033626553E-1
1225	4.3403460053E-1	4.3097523999E-1
1226	4.3454478294E-1	4.315245682E-1
1227	4.3508626746E-1	4.3206735902E-1
1228	4.3561814828E-1	4.3257540624E-1
1229	4.3602414828E-1	4.3298772379E-1
1230	4.3662111542E-1	4.3360800847E-1
1231	4.371993808E-1	4.3423837177E-1
1232	4.3769785714E-1	4.347689346E-1
1233	4.3813115418E-1	4.3518655975E-1
1234	4.3882477514E-1	4.3585853272E-1
1235	4.3950018332E-1	4.3650523715E-1
1236	4.4018240573E-1	4.3720605772E-1
1237	4.4069675818E-1	4.3770627066E-1
1238	4.4129296205E-1	4.3823043177E-1
1239	4.4209073067E-1	4.3900205469E-1
1240	4.4289069466E-1	4.397527042E-1
1241	4.4355910867E-1	4.4042453282E-1
1242	4.4422592171E-1	4.4108297421E-1
1243	4.4493305293E-1	4.4178531397E-1
1244	4.4560152961E-1	4.4239037699E-1
1245	4.463573589E-1	4.4310507372E-1
1246	4.468864613E-1	4.4366353518E-1
1247	4.4744234866E-1	4.4423564935E-1
1248	4.4786354894E-1	4.4462597311E-1
1249	4.4842502197E-1	4.4518788133E-1
1250	4.4893739287E-1	4.457082825E-1
1251	4.4973724253E-1	4.46444614E-1
1252	4.5026470304E-1	4.4694583126E-1
1253	4.5071563236E-1	4.4741821475E-1
1254	4.5132866783E-1	4.4799466512E-1
1255	4.5199863076E-1	4.4863707312E-1
1256	4.52516632E-1	4.4911339117E-1
1257	4.5311553312E-1	4.4969300426E-1
1258	4.5372176668E-1	4.50329334E-1
1259	4.5420823701E-1	4.5080960062E-1
1260	4.5487905913E-1	4.5148290168E-1
1261	4.5534261031E-1	4.5199221939E-1
1262	4.5581376859E-1	4.5245262203E-1
1263	4.564654865E-1	4.531360099E-1
1264	4.5712781607E-1	4.5379134472E-1
1265	4.5796194184E-1	4.5467002088E-1
1266	4.5869729231E-1	4.5538336667E-1
1267	4.5922377981E-1	4.5587120778E-1
1268	4.5980247134E-1	4.5644982073E-1
1269	4.6014157543E-1	4.5679138193E-1
1270	4.6063348135E-1	4.5731719665E-1
1271	4.6111234191E-1	4.5784749885E-1
1272	4.6181955593E-1	4.5854609058E-1
1273	4.6258242766E-1	4.5932358714E-1
1274	4.6317102939E-1	4.5990489639E-1
1275	4.6385223089E-1	4.6058313206E-1
1276	4.6448982168E-1	4.6120192146E-1
1277	4.6493442903E-1	4.6163087786E-1
1278	4.654032131E-1	4.6213751803E-1
1279	4.6605364271E-1	4.6278319761E-1
1280	4.6678714856E-1	4.6348675416E-1
1281	4.673997868E-1	4.6407362186E-1
1282	4.6777540934E-1	4.6448547314E-1
1283	4.6854798463E-1	4.6524732241E-1
1284	4.691012233E-1	4.6580374432E-1
1285	4.6978237904E-1	4.6649002615E-1
1286	4.7044816442E-1	4.6720586902E-1
1287	4.7119654085E-1	4.6790422557E-1
1288	4.7202714269E-1	4.686680636E-1
1289	4.7269037102E-1	4.6933357066E-1
1290	4.7332670805E-1	4.6997000755E-1
1291	4.7422170481E-1	4.7085795637E-1
1292	4.7497389119E-1	4.7161741629E-1
1293	4.7549698046E-1	4.7210692178E-1
1294	4.7621098552E-1	4.7279969894E-1
1295	4.768506604E-1	4.7340795352E-1
1296	4.7738695799E-1	4.7392866131E-1
1297	4.7806591513E-1	4.7460718176E-1
1298	4.7878512785E-1	4.7534496553E-1
1299	4.7951725044E-1	4.7607169025E-1
1300	4.8010726583E-1	4.7666646865E-1
1301	4.8054265408E-1	4.7712178655E-1
1302	4.8121046097E-1	4.7780238101E-1
1303	4.8187344159E-1	4.7849379847E-1
1304	4.8255130815E-1	4.7918182067E-1
1305	4.8313807331E-1	4.7976957943E-1
1306	4.8365272161E-1	4.8031532931E-1
1307	4.8411407669E-1	4.8077229302E-1
1308	4.8481293252E-1	4.8146157139E-1
1309	4.8549707336E-1	4.8215095619E-1
1310	4.8622698497E-1	4.8285672927E-1
1311	4.8691594956E-1	4.8355076997E-1
1312	4.8745400033E-1	4.840829568E-1
1313	4.8811099743E-1	4.8474417129E-1
1314	4.8878119523E-1	4.8544696798E-1
1315	4.8948262732E-1	4.8614144497E-1
1316	4.9002100079E-1	4.8671000772E-1
1317	4.9056581365E-1	4.8723075057E-1
1318	4.9114575223E-1	4.8778398293E-1
1319	4.9169169646E-1	4.883748915E-1
1320	4.9248235955E-1	4.8914544193E-1
1321	4.930978374E-1	4.8977228002E-1
1322	4.9389649318E-1	4.9058141668E-1
1323	4.945239982E-1	4.9125240037E-1
1324	4.952368372E-1	4.9195946189E-1
1325	4.9599085799E-1	4.9270773919E-1
1326	4.9656313117E-1	4.9328254503E-1
1327	4.9728083665E-1	4.9391313094E-1
1328	4.9792779649E-1	4.9455774931E-1
1329	4.9889022103E-1	4.9552559824E-1
1330	4.9946879936E-1	4.9612649337E-1
1331	5.001079991E-1	4.9680283963E-1
1332	5.0082090518E-1	4.9751734153E-1
1333	5.0143254839E-1	4.9814373242E-1
1334	5.0214542174E-1	4.9890851968E-1
1335	5.0282191189E-1	4.9959304375E-1
1336	5.0359416213E-1	5.0039824039E-1
1337	5.0417066466E-1	5.009988039E-1
1338	5.049212197E-1	5.017279022E-1
1339	5.0564062968E-1	5.024251196E-1
1340	5.0634619441E-1	5.0313591645E-1
1341	5.0714205078E-1	5.0394082421E-1
1342	5.077887368E-1	5.0462428388E-1
1343	5.0816683227E-1	5.050194384E-1
1344	5.0898871467E-1	5.0584338743E-1
1345	5.1013813827E-1	5.070001361E-1
1346	5.1064905314E-1	5.0753506875E-1
1347	5.1145999659E-1	5.0837137536E-1
1348	5.1186626148E-1	5.0884385858E-1
1349	5.1244066582E-1	5.0944534376E-1
1350	5.1298293245E-1	5.1001786164E-1
1351	5.134429898E-1	5.1046229795E-1
1352	5.1419958031E-1	5.1118987706E-1
1353	5.149462598E-1	5.1195516676E-1
1354	5.1543966237E-1	5.1246780282E-1
1355	5.1599546085E-1	5.1303917405E-1
1356	5.1661246722E-1	5.1360655661E-1
1357	5.1707327444E-1	5.1408660644E-1
1358	5.1744267174E-1	5.1446618178E-1
1359	5.1827712221E-1	5.1535112329E-1
1360	5.1886440437E-1	5.1594948657E-1
1361	5.1934811653E-1	5.1641660103E-1
1362	5.2007290537E-1	5.171468249E-1
1363	5.2042153147E-1	5.1756124068E-1
1364	5.2101513798E-1	5.1814197431E-1
1365	5.2169727182E-1	5.1881455799E-1
1366	5.2218086204E-1	5.1931186502E-1
1367	5.2279910988E-1	5.1992032272E-1
1368	5.2325456025E-1	5.2031528322E-1
1369	5.236166883E-1	5.2068252685E-1
1370	5.2421539841E-1	5.213012813E-1
1371	5.248620668E-1	5.2193311541E-1
1372	5.2551181136E-1	5.2258608382E-1
1373	5.2597919416E-1	5.230229909E-1
1374	5.266876588E-1	5.236847148E-1
1375	5.2725085479E-1	5.2425128331E-1
1376	5.2793827446E-1	5.2496470116E-1
1377	5.2834810704E-1	5.2540704639E-1
1378	5.2870469985E-1	5.2571130493E-1
1379	5.2971871006E-1	5.2671622859E-1
1380	5.3029275442E-1	5.2730567019E-1
1381	5.3096098952E-1	5.2798055122E-1
1382	5.3133201306E-1	5.2834600526E-1
1383	5.3199368989E-1	5.289515222E-1
1384	5.3341943819E-1	5.3038185841E-1
1385	6.7707138354E-1	6.763132479E-1


