0	6.0885094E-3	6.0885094E-3
1	6.2842694752E-3	6.277315672E-3
2	6.434784513E-3	6.4341792494E-3
3	6.6298542082E-3	6.6289385178E-3
4	6.8240693484E-3	6.8251521855E-3
5	7.0683514402E-3	7.067318086E-3
6	7.3022780744E-3	7.3009372518E-3
7	7.442356094E-3	7.4409821779E-3
8	7.5456279E-3	7.5435189306E-3
9	7.6414525866E-3	7.6386125584E-3
10	7.7375370926E-3	7.7347075233E-3
11	7.8143014614E-3	7.8057108234E-3
12	7.8855866916E-3	7.8763321201E-3
13	7.9265562915E-3	7.9150051048E-3
14	7.9679515923E-3	7.9561892002E-3
15	8.0096269323E-3	7.9978158776E-3
16	8.0416891117E-3	8.0294381531E-3
17	8.0995350319E-3	8.0878445237E-3
18	8.1356842132E-3	8.1237898038E-3
19	8.1838937835E-3	8.1717759059E-3
20	8.2287309556E-3	8.2165649382E-3
21	8.2473251258E-3	8.2348548522E-3
22	8.2868556184E-3	8.2749035648E-3
23	8.3197302451E-3	8.3075906727E-3
24	8.3642550512E-3	8.3519728553E-3
25	8.3916336541E-3	8.3787935082E-3
26	8.4351968419E-3	8.4221072943E-3
27	8.4611384879E-3	8.4477912528E-3
28	8.5076666541E-3	8.4939582082E-3
29	8.5366164568E-3	8.5213959243E-3
30	8.5805473877E-3	8.5653510361E-3
31	8.6213683647E-3	8.6061363598E-3
32	8.6492589451E-3	8.6361619979E-3
33	8.6739452773E-3	8.6614953241E-3
34	8.7291176584E-3	8.7188968074E-3
35	8.7622163514E-3	8.7522447071E-3
36	8.7869065728E-3	8.7769930849E-3
37	8.8119921733E-3	8.8020609808E-3
38	8.822125067E-3	8.8124856985E-3
39	8.8557076225E-3	8.8460703092E-3
40	8.8749125247E-3	8.8655793037E-3
41	8.8889903177E-3	8.8819292612E-3
42	8.91641692E-3	8.9092809469E-3
43	8.9246374598E-3	8.9173599776E-3
44	8.9497495416E-3	8.9423649856E-3
45	8.9880852887E-3	8.9806392791E-3
46	9.0222817067E-3	9.0148412856E-3
47	9.0611219897E-3	9.0535146619E-3
48	9.0915454689E-3	9.0851944729E-3
49	9.1115038174E-3	9.1053363397E-3
50	9.1336166189E-3	9.1269403092E-3
51	9.1691510274E-3	9.1624461526E-3
52	9.1925144322E-3	9.185743128E-3
53	9.2113198451E-3	9.2045432023E-3
54	9.241189058E-3	9.2345231867E-3
55	9.247980034E-3	9.2423901393E-3
56	9.2848032335E-3	9.2794020561E-3
57	9.3236132403E-3	9.3190409769E-3
58	9.3585890387E-3	9.3541082192E-3
59	9.3902165667E-3	9.3862246697E-3
60	9.4037776896E-3	9.3999499261E-3
61	9.4346241977E-3	9.4303336454E-3
62	9.4772580108E-3	9.4729740301E-3
63	9.5195965204E-3	9.5153841083E-3
64	9.5265504919E-3	9.5230863924E-3
65	9.5635333065E-3	9.5621989129E-3
66	9.5836219932E-3	9.5854626133E-3
67	9.5969674163E-3	9.5980607891E-3
68	9.6322618482E-3	9.6332019961E-3
69	9.6624121528E-3	9.6627071546E-3
70	9.6955325166E-3	9.6959309626E-3
71	9.7066944114E-3	9.7071715981E-3
72	9.723829175E-3	9.7245864252E-3
73	9.7449612218E-3	9.7461974072E-3
74	9.7594811324E-3	9.761055397E-3
75	9.7822098336E-3	9.7824709808E-3
76	9.7957205457E-3	9.7957869025E-3
77	9.8075604357E-3	9.8077298938E-3
78	9.8345314901E-3	9.8353993853E-3
79	9.8651599242E-3	9.8664136516E-3
80	9.8986127374E-3	9.9000053916E-3
81	9.9188966647E-3	9.9215142031E-3
82	9.9469271811E-3	9.949589489E-3
83	9.9687848503E-3	9.9736190482E-3
84	9.997192468E-3	1.0001991713E-2
85	1.0014132861E-2	1.0019185274E-2
86	1.0045185681E-2	1.0050344594E-2
87	1.0060605472E-2	1.0065470547E-2
88	1.0087408549E-2	1.0092709244E-2
89	1.0104325893E-2	1.0109631628E-2
90	1.0141271051E-2	1.0146716177E-2
91	1.0170348518E-2	1.0175959712E-2
92	1.0195128886E-2	1.0201158565E-2
93	1.0213177184E-2	1.0219768029E-2
94	1.0232774866E-2	1.0239381868E-2
95	1.0263504561E-2	1.0270511811E-2
96	1.0301272788E-2	1.0308952132E-2
97	1.0325963941E-2	1.0333591376E-2
98	1.0340638498E-2	1.0348565943E-2
99	1.0361018158E-2	1.0368853475E-2
100	1.0375145235E-2	1.0383218787E-2
101	1.0396987784E-2	1.040515749E-2
102	1.0423615424E-2	1.0431442485E-2
103	1.0438293237E-2	1.044628002E-2
104	1.0457968121E-2	1.0465903531E-2
105	1.0489626471E-2	1.0498605968E-2
106	1.0499192436E-2	1.05082457E-2
107	1.0524114106E-2	1.0533218473E-2
108	1.0549510064E-2	1.0558793393E-2
109	1.0564359198E-2	1.0573915263E-2
110	1.058663847E-2	1.0596552723E-2
111	1.0598739346E-2	1.0609229048E-2
112	1.062517504E-2	1.0634840179E-2
113	1.0635528238E-2	1.0645409851E-2
114	1.0657935422E-2	1.0667922714E-2
115	1.066951317E-2	1.0680215688E-2
116	1.070107623E-2	1.0710918439E-2
117	1.0729315503E-2	1.0739296012E-2
118	1.0741300117E-2	1.0750977335E-2
119	1.0763685754E-2	1.0773526002E-2
120	1.078770789E-2	1.0797444793E-2
121	1.0815499488E-2	1.082554615E-2
122	1.0858702343E-2	1.0867945584E-2
123	1.0861332316E-2	1.0869813321E-2
124	1.0886446751E-2	1.0895868057E-2
125	1.0914816988E-2	1.0924841373E-2
126	1.0932941019E-2	1.0942273595E-2
127	1.095324207E-2	1.096245514E-2
128	1.0972411049E-2	1.0982516555E-2
129	1.0995385252E-2	1.1005789243E-2
130	1.1016644477E-2	1.1026260738E-2
131	1.1039194102E-2	1.1049568469E-2
132	1.105995132E-2	1.1069937787E-2
133	1.108333768E-2	1.10935996E-2
134	1.1117189728E-2	1.1127277186E-2
135	1.1135402638E-2	1.1145661591E-2
136	1.1145609353E-2	1.1155928576E-2
137	1.1175631585E-2	1.1186614651E-2
138	1.1198017769E-2	1.120919952E-2
139	1.1220328942E-2	1.1231848657E-2
140	1.1243293553E-2	1.1254912783E-2
141	1.1277520695E-2	1.1289068272E-2
142	1.1300166714E-2	1.1311527831E-2
143	1.1322843628E-2	1.1334660814E-2
144	1.1338021169E-2	1.1349831916E-2
145	1.1371580857E-2	1.1382738219E-2
146	1.1389274776E-2	1.1398817001E-2
147	1.1402693981E-2	1.1413439806E-2
148	1.1421758854E-2	1.1432964914E-2
149	1.1439587473E-2	1.1451139827E-2
150	1.1463132792E-2	1.1475085916E-2
151	1.1486076484E-2	1.1498328549E-2
152	1.1496959641E-2	1.1509158274E-2
153	1.1515022209E-2	1.1527516982E-2
154	1.1528125054E-2	1.1540997871E-2
155	1.1557767685E-2	1.1570822034E-2
156	1.1586263479E-2	1.1599592731E-2
157	1.1601803945E-2	1.1615123679E-2
158	1.1620262114E-2	1.1633991807E-2
159	1.1641718339E-2	1.165580678E-2
160	1.1667605387E-2	1.1681852971E-2
161	1.1698539529E-2	1.171269021E-2
162	1.1710938569E-2	1.1724243975E-2
163	1.1721603192E-2	1.173499969E-2
164	1.1746709676E-2	1.1759795118E-2
165	1.1773299423E-2	1.1786618878E-2
166	1.1785771872E-2	1.1797742442E-2
167	1.1809530495E-2	1.1821323699E-2
168	1.1826401825E-2	1.1837609359E-2
169	1.1846967026E-2	1.1857955189E-2
170	1.187010169E-2	1.1881130999E-2
171	1.188666282E-2	1.1897720494E-2
172	1.1905521744E-2	1.1916655993E-2
173	1.1921780341E-2	1.1932625769E-2
174	1.1947631884E-2	1.1958283586E-2
175	1.1972067765E-2	1.1982809995E-2
176	1.1995905973E-2	1.2006430078E-2
177	1.2026683366E-2	1.2037291025E-2
178	1.2044324393E-2	1.205384733E-2
179	1.2073781322E-2	1.2082990304E-2
180	1.2086809218E-2	1.2096244029E-2
181	1.2111224705E-2	1.2120557078E-2
182	1.2127184034E-2	1.2135024463E-2
183	1.2151698039E-2	1.2158988568E-2
184	1.2167554839E-2	1.2175490097E-2
185	1.2193080472E-2	1.219900001E-2
186	1.2205283425E-2	1.2211534048E-2
187	1.2220833532E-2	1.2226500859E-2
188	1.2252903504E-2	1.2256941464E-2
189	1.2282019317E-2	1.228568363E-2
190	1.2299361873E-2	1.2301251463E-2
191	1.2328599817E-2	1.2329954258E-2
192	1.2353832297E-2	1.2355168489E-2
193	1.2405819998E-2	1.2406719344E-2
194	1.2416045032E-2	1.2416292202E-2
195	1.2426081843E-2	1.2426428023E-2
196	1.243443045E-2	1.2434497305E-2
197	1.2460821729E-2	1.2461546141E-2
198	1.249008844E-2	1.2490726378E-2
199	1.2495341646E-2	1.2495815914E-2
200	1.2516679979E-2	1.2516835526E-2
201	1.2534406007E-2	1.2533452299E-2
202	1.2567295696E-2	1.2567225796E-2
203	1.2579592342E-2	1.2579321834E-2
204	1.2603014307E-2	1.2602842885E-2
205	1.2631269385E-2	1.2630231728E-2
206	1.2644183247E-2	1.2642887766E-2
207	1.2662080136E-2	1.2660840172E-2
208	1.2674258216E-2	1.2673226195E-2
209	1.2699302668E-2	1.2698285821E-2
210	1.2739378088E-2	1.2737723593E-2
211	1.2760995882E-2	1.2758626486E-2
212	1.2787005249E-2	1.2783786589E-2
213	1.2811700654E-2	1.2808340144E-2
214	1.282937145E-2	1.2826242423E-2
215	1.2835686041E-2	1.2832309965E-2
216	1.2859792243E-2	1.2855457834E-2
217	1.2877942877E-2	1.2873755169E-2
218	1.2899928461E-2	1.2896479447E-2
219	1.2923176586E-2	1.291947204E-2
220	1.2948473167E-2	1.2944793038E-2
221	1.2966340473E-2	1.2962719583E-2
222	1.298153349E-2	1.2977733847E-2
223	1.3000416086E-2	1.2996540224E-2
224	1.3026301615E-2	1.3022049763E-2
225	1.3041295861E-2	1.3035576678E-2
226	1.3070802656E-2	1.3064818648E-2
227	1.3092363465E-2	1.308586611E-2
228	1.3121204171E-2	1.3114674626E-2
229	1.3144550797E-2	1.313816805E-2
230	1.3145662791E-2	1.3139203017E-2
231	1.3176082333E-2	1.3168692064E-2
232	1.3207034653E-2	1.319857968E-2
233	1.322579795E-2	1.3217086827E-2
234	1.3261777092E-2	1.3253126828E-2
235	1.3283187054E-2	1.3273800722E-2
236	1.3314623135E-2	1.3305141813E-2
237	1.3330301093E-2	1.3320355249E-2
238	1.3353892865E-2	1.3342359519E-2
239	1.3377713654E-2	1.3365725839E-2
240	1.3398699858E-2	1.3386861701E-2
241	1.342044984E-2	1.3411431692E-2
242	1.3432209595E-2	1.3422960179E-2
243	1.3453384992E-2	1.3445085962E-2
244	1.3474483923E-2	1.3465731334E-2
245	1.3500659347E-2	1.3491833008E-2
246	1.3536970043E-2	1.3526935468E-2
247	1.3573452376E-2	1.3564708283E-2
248	1.3589575708E-2	1.3581190317E-2
249	1.3605547683E-2	1.3596976444E-2
250	1.3621919853E-2	1.361321939E-2
251	1.3646018757E-2	1.3636799204E-2
252	1.3674624728E-2	1.3665969261E-2
253	1.3702550298E-2	1.3693867707E-2
254	1.3719874912E-2	1.3710808475E-2
255	1.3735085871E-2	1.3726006306E-2
256	1.3753075374E-2	1.3743793634E-2
257	1.3775137036E-2	1.3765378801E-2
258	1.3797538312E-2	1.378809649E-2
259	1.3811682657E-2	1.3802125113E-2
260	1.3833127726E-2	1.3823141868E-2
261	1.386699163E-2	1.3855360478E-2
262	1.3886528653E-2	1.3874855923E-2
263	1.389458934E-2	1.3881735332E-2
264	1.3909857348E-2	1.389659502E-2
265	1.39327021E-2	1.391849592E-2
266	1.3959631276E-2	1.3945687342E-2
267	1.3972501235E-2	1.3958214384E-2
268	1.399938319E-2	1.3985037201E-2
269	1.4027194956E-2	1.4012137627E-2
270	1.4045036238E-2	1.4031632099E-2
271	1.4072206387E-2	1.4059024751E-2
272	1.4087294555E-2	1.407401944E-2
273	1.412416265E-2	1.4111103027E-2
274	1.4135913491E-2	1.4123053365E-2
275	1.4165354558E-2	1.4152245994E-2
276	1.41789518E-2	1.4165218129E-2
277	1.4185913248E-2	1.417203315E-2
278	1.4209848721E-2	1.4195449273E-2
279	1.4226929054E-2	1.4213347793E-2
280	1.4255575106E-2	1.4242046166E-2
281	1.4281385135E-2	1.4267757337E-2
282	1.4307614701E-2	1.4294891927E-2
283	1.4327699575E-2	1.4315076596E-2
284	1.4340204397E-2	1.4327146246E-2
285	1.4355369748E-2	1.434172374E-2
286	1.437374865E-2	1.4360431112E-2
287	1.4395101539E-2	1.4382056303E-2
288	1.441531534E-2	1.4401481497E-2
289	1.4439442601E-2	1.4427944815E-2
290	1.4459242546E-2	1.4447071476E-2
291	1.4481251486E-2	1.4467623038E-2
292	1.4492902776E-2	1.4479146764E-2
293	1.4522450673E-2	1.45088781E-2
294	1.455233667E-2	1.4538639453E-2
295	1.4584433026E-2	1.4570917343E-2
296	1.4603776286E-2	1.4589203989E-2
297	1.4619502869E-2	1.4604932402E-2
298	1.4637812289E-2	1.4623210823E-2
299	1.4653868661E-2	1.4639353703E-2
300	1.4692199759E-2	1.4677462381E-2
301	1.4718158165E-2	1.4704220424E-2
302	1.4745280012E-2	1.4731487866E-2
303	1.4772482349E-2	1.4756570988E-2
304	1.4792369536E-2	1.4777100667E-2
305	1.4804539598E-2	1.4789156514E-2
306	1.4827663448E-2	1.4810990301E-2
307	1.4853981602E-2	1.4837613582E-2
308	1.4874907926E-2	1.4859959815E-2
309	1.4900424979E-2	1.4885717138E-2
310	1.4920963617E-2	1.4906400498E-2
311	1.4940802962E-2	1.4925930086E-2
312	1.4969235103E-2	1.4953131868E-2
313	1.5001872984E-2	1.4985662686E-2
314	1.5031632692E-2	1.5015521074E-2
315	1.5055360274E-2	1.50397391E-2
316	1.5073452331E-2	1.5057623609E-2
317	1.5089499866E-2	1.5074911998E-2
318	1.5110079507E-2	1.5095971868E-2
319	1.5113542561E-2	1.5100792886E-2
320	1.5141623281E-2	1.5128558762E-2
321	1.5163460879E-2	1.5150051902E-2
322	1.5174693168E-2	1.5161605497E-2
323	1.519160163E-2	1.5177750128E-2
324	1.5228395286E-2	1.521315689E-2
325	1.5253226679E-2	1.5238512162E-2
326	1.5274099443E-2	1.526021205E-2
327	1.5298612302E-2	1.5284102584E-2
328	1.5313851274E-2	1.529955531E-2
329	1.5328675021E-2	1.531504143E-2
330	1.5346334091E-2	1.5333169176E-2
331	1.5360666621E-2	1.5347014768E-2
332	1.5380012485E-2	1.5365655747E-2
333	1.5403133622E-2	1.5388674814E-2
334	1.5430721251E-2	1.5416065321E-2
335	1.5447834125E-2	1.5432369058E-2
336	1.5462079499E-2	1.544744358E-2
337	1.5485495603E-2	1.5470376789E-2
338	1.5508155506E-2	1.5492441389E-2
339	1.5525681303E-2	1.5510005214E-2
340	1.5546481081E-2	1.5530181265E-2
341	1.5572313631E-2	1.5558199324E-2
342	1.5589991009E-2	1.5575778701E-2
343	1.5607443825E-2	1.5593647418E-2
344	1.5633225895E-2	1.5619561218E-2
345	1.5654596685E-2	1.5641468408E-2
346	1.5665180466E-2	1.5652343434E-2
347	1.5696966033E-2	1.5683926844E-2
348	1.5723362852E-2	1.5709676958E-2
349	1.5754148227E-2	1.5740047009E-2
350	1.5783336005E-2	1.5767727162E-2
351	1.5792412241E-2	1.577752296E-2
352	1.5816786976E-2	1.5801489604E-2
353	1.5820713414E-2	1.5805614034E-2
354	1.5849398873E-2	1.5833527031E-2
355	1.5868201962E-2	1.5852199354E-2
356	1.5891627969E-2	1.5875204213E-2
357	1.5915532162E-2	1.589898751E-2
358	1.5939983124E-2	1.5922940147E-2
359	1.5965999648E-2	1.5948649202E-2
360	1.5985836957E-2	1.5968008628E-2
361	1.6007365741E-2	1.5988929978E-2
362	1.6029900931E-2	1.6011309407E-2
363	1.6052461653E-2	1.6033241739E-2
364	1.6053324569E-2	1.6034106753E-2
365	1.6073810842E-2	1.6055415352E-2
366	1.6097658276E-2	1.6078696637E-2
367	1.6129367187E-2	1.6109103383E-2
368	1.6146981979E-2	1.6126258646E-2
369	1.6173418746E-2	1.6152519132E-2
370	1.6186533572E-2	1.6165719414E-2
371	1.6206270081E-2	1.6185362526E-2
372	1.6237366207E-2	1.621626003E-2
373	1.6271268811E-2	1.6249664885E-2
374	1.6291178426E-2	1.6269301321E-2
375	1.6321126757E-2	1.6298472632E-2
376	1.6352255313E-2	1.632801146E-2
377	1.6373591905E-2	1.6349576006E-2
378	1.6407735211E-2	1.6381905005E-2
379	1.6423042115E-2	1.6397296377E-2
380	1.6454989324E-2	1.6428461355E-2
381	1.6488573605E-2	1.6462217466E-2
382	1.6513667577E-2	1.6487801722E-2
383	1.6538382568E-2	1.6511767351E-2
384	1.6564257066E-2	1.6536764344E-2
385	1.6587415719E-2	1.6559261355E-2
386	1.6616580287E-2	1.6588148163E-2
387	1.6642760234E-2	1.661408663E-2
388	1.6664173388E-2	1.6638290109E-2
389	1.6684728417E-2	1.6658446894E-2
390	1.6720214589E-2	1.6693236598E-2
391	1.6737150482E-2	1.6709137018E-2
392	1.6760220076E-2	1.673128687E-2
393	1.6791552009E-2	1.67623624E-2
394	1.6822395165E-2	1.6793231681E-2
395	1.6842345909E-2	1.6812995828E-2
396	1.6869966429E-2	1.6837520112E-2
397	1.6891241292E-2	1.6858728388E-2
398	1.6915633248E-2	1.6880676342E-2
399	1.6948056939E-2	1.6912559105E-2
400	1.6972260289E-2	1.6936754325E-2
401	1.7013435488E-2	1.6977152941E-2
402	1.7041155678E-2	1.7004091426E-2
403	1.7056031617E-2	1.7019627621E-2
404	1.7075860854E-2	1.7039511703E-2
405	1.7092754402E-2	1.7056113074E-2
406	1.7105313945E-2	1.7068429889E-2
407	1.7137677493E-2	1.7100393377E-2
408	1.7165243297E-2	1.7126620956E-2
409	1.7179270429E-2	1.7140222457E-2
410	1.7218846531E-2	1.7179205708E-2
411	1.7243682629E-2	1.720380729E-2
412	1.7281245385E-2	1.7241430285E-2
413	1.7299940747E-2	1.72597111E-2
414	1.7333698482E-2	1.729238182E-2
415	1.7359240508E-2	1.7316205185E-2
416	1.7391055899E-2	1.7348465013E-2
417	1.740854461E-2	1.7364287835E-2
418	1.7445866223E-2	1.740073234E-2
419	1.7456166368E-2	1.7411185428E-2
420	1.7486044439E-2	1.7442415115E-2
421	1.7509159977E-2	1.7466447735E-2
422	1.7522340631E-2	1.7479185606E-2
423	1.7546501192E-2	1.7502963279E-2
424	1.7577939544E-2	1.7532801329E-2
425	1.7597135222E-2	1.7551746131E-2
426	1.7618822382E-2	1.7573301689E-2
427	1.7650452792E-2	1.7604433311E-2
428	1.7680692675E-2	1.763342445E-2
429	1.7708729808E-2	1.7661096368E-2
430	1.7729412224E-2	1.7681976442E-2
431	1.7759212815E-2	1.7712010229E-2
432	1.7782870811E-2	1.773557192E-2
433	1.7816529204E-2	1.7768429936E-2
434	1.7842287142E-2	1.779234681E-2
435	1.786233518E-2	1.7812188007E-2
436	1.7887021013E-2	1.7836987208E-2
437	1.7908046074E-2	1.7858367644E-2
438	1.7943500236E-2	1.7892803013E-2
439	1.7974717187E-2	1.792306206E-2
440	1.8013305259E-2	1.7961282178E-2
441	1.8039957853E-2	1.7988658533E-2
442	1.8067148859E-2	1.8014835945E-2
443	1.808749094E-2	1.8033491183E-2
444	1.8128271326E-2	1.8075146803E-2
445	1.8142365262E-2	1.8088719432E-2
446	1.8171223255E-2	1.8116876007E-2
447	1.8207611962E-2	1.8153242286E-2
448	1.8228300042E-2	1.8175347479E-2
449	1.8248214411E-2	1.8194959427E-2
450	1.8279151794E-2	1.822453433E-2
451	1.830642219E-2	1.8250622056E-2
452	1.833559943E-2	1.8278726098E-2
453	1.8354442831E-2	1.8297770823E-2
454	1.8378762213E-2	1.8321040587E-2
455	1.8402355809E-2	1.8347094679E-2
456	1.843413033E-2	1.8379322251E-2
457	1.8463036759E-2	1.8408048009E-2
458	1.8474232529E-2	1.8418460332E-2
459	1.8501196976E-2	1.8445148049E-2
460	1.8521693514E-2	1.8466421445E-2
461	1.8545013496E-2	1.848896538E-2
462	1.8559233947E-2	1.8502846359E-2
463	1.8583505323E-2	1.85260135E-2
464	1.8611658145E-2	1.8552909602E-2
465	1.8640662924E-2	1.8581135231E-2
466	1.8649511723E-2	1.8588993882E-2
467	1.8664063759E-2	1.8604324812E-2
468	1.8695753501E-2	1.8635019987E-2
469	1.8728833703E-2	1.8669509572E-2
470	1.8756043543E-2	1.869344237E-2
471	1.878265206E-2	1.8719466557E-2
472	1.8799219197E-2	1.8735728077E-2
473	1.8819509917E-2	1.8754097047E-2
474	1.8845592492E-2	1.8780589054E-2
475	1.8868981208E-2	1.8803766036E-2
476	1.8898017223E-2	1.8831672665E-2
477	1.8922040274E-2	1.8854692161E-2
478	1.8957731412E-2	1.8890194168E-2
479	1.8975620013E-2	1.8906379943E-2
480	1.8998434399E-2	1.8929299281E-2
481	1.9020152755E-2	1.8950256033E-2
482	1.9046309906E-2	1.8976333661E-2
483	1.9069383241E-2	1.8999742988E-2
484	1.9089349314E-2	1.9018025014E-2
485	1.9118359483E-2	1.9046369128E-2
486	1.9131865159E-2	1.9059053931E-2
487	1.9153469827E-2	1.9080756369E-2
488	1.9183961853E-2	1.9110617656E-2
489	1.9212661548E-2	1.9138597707E-2
490	1.9230917786E-2	1.9156116682E-2
491	1.924961667E-2	1.9174522028E-2
492	1.9260789668E-2	1.9185276708E-2
493	1.9281503602E-2	1.9207067938E-2
494	1.9305441794E-2	1.9230984689E-2
495	1.9323042816E-2	1.9248915324E-2
496	1.93480403E-2	1.9273671678E-2
497	1.9366630954E-2	1.9293053023E-2
498	1.9392121573E-2	1.9317836575E-2
499	1.9409799477E-2	1.9337253567E-2
500	1.9436449291E-2	1.9363706775E-2
501	1.9456166841E-2	1.9384161203E-2
502	1.9481272916E-2	1.9407411507E-2
503	1.949518662E-2	1.9420721848E-2
504	1.951825876E-2	1.9443154857E-2
505	1.9524012699E-2	1.944874662E-2
506	1.9553601559E-2	1.9478646971E-2
507	1.9568361729E-2	1.9492528441E-2
508	1.9584850388E-2	1.9509086109E-2
509	1.9609978965E-2	1.9533086518E-2
510	1.9633996757E-2	1.9554815949E-2
511	1.9651497049E-2	1.9575542408E-2
512	1.9664688726E-2	1.9587541839E-2
513	1.9681737253E-2	1.960368029E-2
514	1.9701973422E-2	1.9623530522E-2
515	1.9719064024E-2	1.9640499539E-2
516	1.973926669E-2	1.9661363966E-2
517	1.9774856863E-2	1.9695046344E-2
518	1.9811745732E-2	1.9730707383E-2
519	1.9827555684E-2	1.9745950972E-2
520	1.9857070206E-2	1.9774248397E-2
521	1.9893081092E-2	1.980819453E-2
522	1.992671777E-2	1.9841024208E-2
523	1.9944829329E-2	1.9857839878E-2
524	1.9985387888E-2	1.9898562854E-2
525	2.001606587E-2	1.992780483E-2
526	2.0043613072E-2	1.9954634711E-2
527	2.0059503639E-2	1.9969843636E-2
528	2.0091748469E-2	2.000242058E-2
529	2.0115109909E-2	2.0026439109E-2
530	2.0140802173E-2	2.0052099531E-2
531	2.0178394519E-2	2.0089066267E-2
532	2.0206115416E-2	2.0118484896E-2
533	2.0217890498E-2	2.0129809019E-2
534	2.0240144922E-2	2.0150858917E-2
535	2.0269025838E-2	2.0179439729E-2
536	2.0307519192E-2	2.0215821679E-2
537	2.0325121297E-2	2.0233350772E-2
538	2.0348025413E-2	2.0256527617E-2
539	2.035376829E-2	2.0261756977E-2
540	2.0380157736E-2	2.0286124361E-2
541	2.0413397432E-2	2.0319462374E-2
542	2.0438711097E-2	2.034569055E-2
543	2.0460586755E-2	2.0369360781E-2
544	2.0495213654E-2	2.0403257636E-2
545	2.0504780566E-2	2.0411947551E-2
546	2.0534419536E-2	2.0440902234E-2
547	2.0568964053E-2	2.0475055279E-2
548	2.0591633542E-2	2.0496564494E-2
549	2.0623575919E-2	2.0526966306E-2
550	2.0652620194E-2	2.0556361976E-2
551	2.0670239471E-2	2.0573109242E-2
552	2.0689376065E-2	2.0592485541E-2
553	2.0731274409E-2	2.0633640427E-2
554	2.0747202261E-2	2.0647906093E-2
555	2.0768589685E-2	2.0669183704E-2
556	2.078356271E-2	2.0683013985E-2
557	2.0801690937E-2	2.0701420857E-2
558	2.0833000449E-2	2.0731365366E-2
559	2.0862871287E-2	2.0760189123E-2
560	2.0880150229E-2	2.0776862996E-2
561	2.0901175126E-2	2.0797383946E-2
562	2.0927873263E-2	2.0824916622E-2
563	2.0957305842E-2	2.0853571579E-2
564	2.0985881197E-2	2.0883549474E-2
565	2.1017411796E-2	2.0915121835E-2
566	2.10546262E-2	2.0951700493E-2
567	2.1079439143E-2	2.0975438543E-2
568	2.1113383529E-2	2.1010803048E-2
569	2.113405146E-2	2.1032309485E-2
570	2.1170288925E-2	2.1069868499E-2
571	2.1186104504E-2	2.1085329112E-2
572	2.1213858339E-2	2.1111077195E-2
573	2.1238094356E-2	2.1134908538E-2
574	2.1254336856E-2	2.1150566357E-2
575	2.1263601328E-2	2.1161785892E-2
576	2.1283396695E-2	2.1180116022E-2
577	2.1301374304E-2	2.1197681972E-2
578	2.1327709472E-2	2.1222698898E-2
579	2.1358909229E-2	2.125398361E-2
580	2.139028854E-2	2.1284600111E-2
581	2.141423911E-2	2.1309131324E-2
582	2.1445559516E-2	2.1339349856E-2
583	2.1463763311E-2	2.1358993734E-2
584	2.1493417883E-2	2.1389137803E-2
585	2.1530901123E-2	2.1425653999E-2
586	2.1554247221E-2	2.1449369524E-2
587	2.1579701738E-2	2.1474519034E-2
588	2.1603430004E-2	2.1498867495E-2
589	2.1628598392E-2	2.1524854744E-2
590	2.1652105328E-2	2.1547638059E-2
591	2.1687818166E-2	2.1584069128E-2
592	2.1710060865E-2	2.1605992621E-2
593	2.1743389569E-2	2.1641071871E-2
594	2.1771363805E-2	2.1668805235E-2
595	2.1811895158E-2	2.1709260921E-2
596	2.1850689984E-2	2.1746613101E-2
597	2.1865113134E-2	2.1761155975E-2
598	2.1890751188E-2	2.1786874995E-2
599	2.1915470097E-2	2.1812168667E-2
600	2.1936126764E-2	2.1832924646E-2
601	2.1967180143E-2	2.1864089553E-2
602	2.1999036539E-2	2.1895257391E-2
603	2.2013632704E-2	2.1910159439E-2
604	2.202988035E-2	2.192626425E-2
605	2.2068516348E-2	2.1963662051E-2
606	2.2089482651E-2	2.1984171663E-2
607	2.2115230765E-2	2.2011348247E-2
608	2.2153550003E-2	2.2048989427E-2
609	2.2182895493E-2	2.2078054313E-2
610	2.2212755479E-2	2.2107816575E-2
611	2.2241336649E-2	2.2136542152E-2
612	2.227458371E-2	2.2172438269E-2
613	2.2301018405E-2	2.2199105267E-2
614	2.233669096E-2	2.2236000633E-2
615	2.2363578172E-2	2.2262375259E-2
616	2.2377949673E-2	2.227714947E-2
617	2.2409339863E-2	2.2310078737E-2
618	2.2430859136E-2	2.2331178811E-2
619	2.2459877909E-2	2.2360762585E-2
620	2.2491604476E-2	2.2393429794E-2
621	2.2529975992E-2	2.2430735945E-2
622	2.2553615077E-2	2.2454402276E-2
623	2.2583454665E-2	2.2484000383E-2
624	2.2603584412E-2	2.2504225026E-2
625	2.2614639782E-2	2.2515729265E-2
626	2.2632309234E-2	2.2532936301E-2
627	2.2658381074E-2	2.255803796E-2
628	2.2682301855E-2	2.2582727304E-2
629	2.2713692521E-2	2.2613311745E-2
630	2.2733889826E-2	2.263237136E-2
631	2.2757283E-2	2.265582689E-2
632	2.2781381869E-2	2.2681763452E-2
633	2.2810551701E-2	2.2710062386E-2
634	2.2848951177E-2	2.2749083952E-2
635	2.2880268709E-2	2.2779652803E-2
636	2.2898378912E-2	2.2798515044E-2
637	2.2920398421E-2	2.2821110881E-2
638	2.2951744712E-2	2.2851831389E-2
639	2.2992025598E-2	2.2893360684E-2
640	2.3021793573E-2	2.2922693496E-2
641	2.3042413824E-2	2.294286304E-2
642	2.307343993E-2	2.297260168E-2
643	2.3098612795E-2	2.2998201413E-2
644	2.3131673647E-2	2.3031260948E-2
645	2.3168569923E-2	2.3069034568E-2
646	2.3192345547E-2	2.3091767571E-2
647	2.3217309615E-2	2.3117634024E-2
648	2.3247390847E-2	2.3147312212E-2
649	2.3278911469E-2	2.3177811719E-2
650	2.3299873736E-2	2.3198014131E-2
651	2.3331633854E-2	2.3229091499E-2
652	2.3364035162E-2	2.3259037025E-2
653	2.3387405132E-2	2.328300406E-2
654	2.3407834861E-2	2.3305832631E-2
655	2.3438063969E-2	2.333863274E-2
656	2.3470938506E-2	2.3371843593E-2
657	2.3503790892E-2	2.3404078397E-2
658	2.3541875933E-2	2.3439656434E-2
659	2.3567605668E-2	2.346614402E-2
660	2.3592183913E-2	2.3490370924E-2
661	2.3619048334E-2	2.3515891518E-2
662	2.3649745502E-2	2.3546248657E-2
663	2.3675308777E-2	2.3572313171E-2
664	2.3709517977E-2	2.3603984348E-2
665	2.3738159564E-2	2.3632972139E-2
666	2.3766063136E-2	2.365757621E-2
667	2.3799901169E-2	2.3692396764E-2
668	2.383088805E-2	2.372382636E-2
669	2.3855201023E-2	2.3745381962E-2
670	2.3883553569E-2	2.3772828638E-2
671	2.3917332249E-2	2.3806502246E-2
672	2.3953801883E-2	2.3841856985E-2
673	2.398840622E-2	2.3876719495E-2
674	2.4024692076E-2	2.3912511125E-2
675	2.4058895342E-2	2.3946441172E-2
676	2.4072731584E-2	2.3960584883E-2
677	2.411704673E-2	2.4004558249E-2
678	2.4152927765E-2	2.4040920231E-2
679	2.4188915546E-2	2.4074935932E-2
680	2.4210072934E-2	2.4096595625E-2
681	2.4238652068E-2	2.412386509E-2
682	2.4253983402E-2	2.4137528503E-2
683	2.4282721008E-2	2.4166636765E-2
684	2.4306707283E-2	2.419104062E-2
685	2.4337135884E-2	2.4221105789E-2
686	2.436526493E-2	2.4249666001E-2
687	2.4398194326E-2	2.4280997553E-2
688	2.4398895461E-2	2.4281363477E-2
689	2.4426443077E-2	2.430925109E-2
690	2.445179919E-2	2.433385013E-2
691	2.4474002316E-2	2.4357276996E-2
692	2.4500566876E-2	2.4384375941E-2
693	2.4522408151E-2	2.4404406251E-2
694	2.4555349848E-2	2.443813402E-2
695	2.4579538752E-2	2.4463196689E-2
696	2.4607121748E-2	2.4490103648E-2
697	2.4623638982E-2	2.4506995901E-2
698	2.4655650329E-2	2.4538820522E-2
699	2.4686794587E-2	2.457021499E-2
700	2.4719224464E-2	2.4603176972E-2
701	2.474192388E-2	2.4626744647E-2
702	2.4771005241E-2	2.465545046E-2
703	2.4808567884E-2	2.4693339477E-2
704	2.4839494393E-2	2.4722188013E-2
705	2.4860530858E-2	2.4745157085E-2
706	2.4893245995E-2	2.47763096E-2
707	2.4932728414E-2	2.4816375238E-2
708	2.4972174665E-2	2.4855490669E-2
709	2.5005524433E-2	2.4889473805E-2
710	2.502563268E-2	2.4909480537E-2
711	2.5052756397E-2	2.4936948508E-2
712	2.5064548814E-2	2.4950355238E-2
713	2.5091675945E-2	2.497775758E-2
714	2.5129876205E-2	2.5015511327E-2
715	2.5146333508E-2	2.5033081694E-2
716	2.5171245333E-2	2.5056517146E-2
717	2.5195910314E-2	2.5083113198E-2
718	2.5232766022E-2	2.5119365225E-2
719	2.5266379453E-2	2.5153867226E-2
720	2.5303114084E-2	2.5190579942E-2
721	2.5320361967E-2	2.5208400018E-2
722	2.5355191861E-2	2.5240721919E-2
723	2.5388793433E-2	2.5275130495E-2
724	2.5429214123E-2	2.5314836652E-2
725	2.5444604473E-2	2.5331082863E-2
726	2.5459517418E-2	2.5345238506E-2
727	2.5482626703E-2	2.5366843776E-2
728	2.5495151136E-2	2.5379368779E-2
729	2.5526354267E-2	2.5410049111E-2
730	2.5540930991E-2	2.5423606897E-2
731	2.5558422454E-2	2.544118793E-2
732	2.5587883911E-2	2.5469465288E-2
733	2.5617896338E-2	2.549931826E-2
734	2.5647016982E-2	2.5527553382E-2
735	2.567563817E-2	2.5556131609E-2
736	2.5706346555E-2	2.5587049848E-2
737	2.574162652E-2	2.5622473146E-2
738	2.5765551438E-2	2.5646416166E-2
739	2.5799806138E-2	2.5682694224E-2
740	2.5827024578E-2	2.5710872354E-2
741	2.5854313503E-2	2.5738559078E-2
742	2.5882444957E-2	2.5769368836E-2
743	2.5904029643E-2	2.5788835124E-2
744	2.5924360637E-2	2.5807830684E-2
745	2.5953252408E-2	2.5837645838E-2
746	2.5980400826E-2	2.5864306976E-2
747	2.6002544961E-2	2.5885614565E-2
748	2.6022059949E-2	2.5904257237E-2
749	2.606069157E-2	2.5942811005E-2
750	2.6093304855E-2	2.5975719493E-2
751	2.6128079809E-2	2.6010425603E-2
752	2.6156860281E-2	2.6039854538E-2
753	2.6183198434E-2	2.6065622589E-2
754	2.6223931972E-2	2.6105558726E-2
755	2.6261420613E-2	2.6141254621E-2
756	2.6285258938E-2	2.6164808846E-2
757	2.630224208E-2	2.6181471757E-2
758	2.6341710561E-2	2.6220699757E-2
759	2.6368867728E-2	2.6247327284E-2
760	2.6385326458E-2	2.626381942E-2
761	2.6422798658E-2	2.630025557E-2
762	2.6451465205E-2	2.6328526639E-2
763	2.6473725585E-2	2.6351631415E-2
764	2.6499293034E-2	2.6376696357E-2
765	2.6526281353E-2	2.6403489651E-2
766	2.6550165631E-2	2.642664499E-2
767	2.6581939807E-2	2.6457576502E-2
768	2.6628027312E-2	2.6503449197E-2
769	2.6664825019E-2	2.6539549757E-2
770	2.6680903274E-2	2.6555381207E-2
771	2.6704915583E-2	2.6579651167E-2
772	2.6748839348E-2	2.6623790881E-2
773	2.6778586342E-2	2.6654662667E-2
774	2.6810669005E-2	2.6685359574E-2
775	2.6844614204E-2	2.6719597534E-2
776	2.6879942991E-2	2.6754096748E-2
777	2.690502195E-2	2.6779538559E-2
778	2.6927680494E-2	2.6801796451E-2
779	2.6939966802E-2	2.6814659181E-2
780	2.6968809675E-2	2.6842831353E-2
781	2.699955903E-2	2.6874602471E-2
782	2.7027010237E-2	2.69020587E-2
783	2.7058234532E-2	2.6932051194E-2
784	2.7090628231E-2	2.6963183494E-2
785	2.7120635941E-2	2.6992572884E-2
786	2.7156566519E-2	2.7027641977E-2
787	2.7169635575E-2	2.704025051E-2
788	2.7199729632E-2	2.7071407441E-2
789	2.7234735795E-2	2.7105579193E-2
790	2.7267883166E-2	2.713808744E-2
791	2.7295898565E-2	2.7168116264E-2
792	2.7323294402E-2	2.7194078234E-2
793	2.7350799607E-2	2.7219804142E-2
794	2.7386263252E-2	2.7254469975E-2
795	2.74158999E-2	2.7282611486E-2
796	2.7446064376E-2	2.7312260605E-2
797	2.7476761938E-2	2.7342671109E-2
798	2.7509941681E-2	2.7375755351E-2
799	2.7533178577E-2	2.7400300098E-2
800	2.7550421263E-2	2.7415899E-2
801	2.7581138988E-2	2.744818653E-2
802	2.7603732884E-2	2.7470464378E-2
803	2.7633951477E-2	2.7500665004E-2
804	2.7662817724E-2	2.7528475702E-2
805	2.7698577756E-2	2.7564531269E-2
806	2.7729801473E-2	2.7595784526E-2
807	2.7755697249E-2	2.762195637E-2
808	2.7774554331E-2	2.7642105053E-2
809	2.7781340685E-2	2.7648473182E-2
810	2.782253904E-2	2.7690152374E-2
811	2.7854516276E-2	2.7722166573E-2
812	2.7892289959E-2	2.7758585578E-2
813	2.7911038138E-2	2.7777682481E-2
814	2.793876266E-2	2.7805525316E-2
815	2.7962959688E-2	2.7830660509E-2
816	2.7995749474E-2	2.7863097866E-2
817	2.8018349937E-2	2.7885459344E-2
818	2.8036932924E-2	2.7903984607E-2
819	2.8066063222E-2	2.7932790346E-2
820	2.8099872266E-2	2.7967150302E-2
821	2.8124543499E-2	2.7992012391E-2
822	2.8154515152E-2	2.8024148036E-2
823	2.8179220595E-2	2.8048087152E-2
824	2.8210420344E-2	2.8079175829E-2
825	2.8246998777E-2	2.8117515404E-2
826	2.8275170273E-2	2.8144371036E-2
827	2.8313213299E-2	2.8182262203E-2
828	2.8331683479E-2	2.8199949977E-2
829	2.8365104808E-2	2.8232449542E-2
830	2.8393480365E-2	2.8261712535E-2
831	2.8430312434E-2	2.829905984E-2
832	2.844918746E-2	2.8317390544E-2
833	2.8476829358E-2	2.8343999074E-2
834	2.8534649699E-2	2.8399428628E-2
835	2.8556430351E-2	2.8422467658E-2
836	2.8572996812E-2	2.8438759986E-2
837	2.8596971273E-2	2.8461788794E-2
838	2.8630877219E-2	2.8496150254E-2
839	2.8652514812E-2	2.8517931313E-2
840	2.8682147958E-2	2.8549055168E-2
841	2.8716716497E-2	2.8583201504E-2
842	2.8746420927E-2	2.8612865364E-2
843	2.8780281895E-2	2.8647154858E-2
844	2.8803714422E-2	2.8670895824E-2
845	2.8841229726E-2	2.8708815275E-2
846	2.8871377272E-2	2.8738860797E-2
847	2.8899487374E-2	2.8766832774E-2
848	2.8939780963E-2	2.8806726298E-2
849	2.8965189015E-2	2.88319962E-2
850	2.9002373681E-2	2.8870974468E-2
851	2.9043338121E-2	2.8913207073E-2
852	2.9069791149E-2	2.8939603495E-2
853	2.9110362308E-2	2.8979734531E-2
854	2.9132253136E-2	2.90009865E-2
855	2.9179462412E-2	2.9048848284E-2
856	2.9200275627E-2	2.9069661925E-2
857	2.9229822022E-2	2.9097759207E-2
858	2.926023233E-2	2.9128016858E-2
859	2.9284721403E-2	2.9154618834E-2
860	2.9313456971E-2	2.9183525172E-2
861	2.933895032E-2	2.9209484723E-2
862	2.9356887914E-2	2.9227575684E-2
863	2.9390756661E-2	2.9261993652E-2
864	2.9420055928E-2	2.9291375115E-2
865	2.9455178846E-2	2.9326397805E-2
866	2.9509731148E-2	2.9381260871E-2
867	2.9539185176E-2	2.9409907208E-2
868	2.9570003619E-2	2.9441158075E-2
869	2.9621229328E-2	2.9490873249E-2
870	2.9647222308E-2	2.9516671843E-2
871	2.9673232682E-2	2.9541957931E-2
872	2.9708446229E-2	2.9574892135E-2
873	2.9742482259E-2	2.960849709E-2
874	2.9789187205E-2	2.9655619169E-2
875	2.9829742178E-2	2.969636724E-2
876	2.9867500904E-2	2.9733158631E-2
877	2.9893121579E-2	2.9757382615E-2
878	2.9917760259E-2	2.9781869324E-2
879	2.9968215243E-2	2.9832629665E-2
880	2.9985338376E-2	2.9849950039E-2
881	3.0005478945E-2	2.9869832797E-2
882	3.0041357108E-2	2.990660896E-2
883	3.0078949667E-2	2.994461506E-2
884	3.0121942447E-2	2.9988266231E-2
885	3.0155578566E-2	3.0023336448E-2
886	3.0189636592E-2	3.0057298541E-2
887	3.022930167E-2	3.0096505896E-2
888	3.026251506E-2	3.0129556058E-2
889	3.029953987E-2	3.0168540834E-2
890	3.0329125591E-2	3.0197856261E-2
891	3.0356619271E-2	3.0223308838E-2
892	3.0387711646E-2	3.0253884275E-2
893	3.0436413024E-2	3.030181036E-2
894	3.0470146748E-2	3.0336223822E-2
895	3.0517380088E-2	3.0384126474E-2
896	3.0547993083E-2	3.0414219069E-2
897	3.0598830363E-2	3.0465677824E-2
898	3.063100045E-2	3.0496661745E-2
899	3.0678006277E-2	3.0543106674E-2
900	3.0693383988E-2	3.0557354471E-2
901	3.0729897787E-2	3.0593531757E-2
902	3.0752257788E-2	3.0614863681E-2
903	3.0785188951E-2	3.0648082435E-2
904	3.0818327837E-2	3.0681385956E-2
905	3.0851168757E-2	3.0714201843E-2
906	3.0890953801E-2	3.0753353529E-2
907	3.0926796529E-2	3.0790284551E-2
908	3.0960294899E-2	3.082454403E-2
909	3.0995669763E-2	3.0860544748E-2
910	3.1027927171E-2	3.0892508093E-2
911	3.1051770871E-2	3.0916854266E-2
912	3.1095384208E-2	3.0960368746E-2
913	3.1137562397E-2	3.1001671665E-2
914	3.116038131E-2	3.102528405E-2
915	3.1198405137E-2	3.1063906673E-2
916	3.1215264264E-2	3.1080701994E-2
917	3.1257897781E-2	3.1121688183E-2
918	3.128469763E-2	3.114826371E-2
919	3.1311197951E-2	3.1173597784E-2
920	3.1354182398E-2	3.1216586505E-2
921	3.1391692463E-2	3.125839881E-2
922	3.1414890107E-2	3.1281135992E-2
923	3.1457190457E-2	3.1323979499E-2
924	3.1514754151E-2	3.1381752521E-2
925	3.154546805E-2	3.1411261455E-2
926	3.1568139829E-2	3.1433982075E-2
927	3.1610002834E-2	3.1476570218E-2
928	3.1642701282E-2	3.1509985632E-2
929	3.1685866169E-2	3.1551061384E-2
930	3.1721963065E-2	3.1586414827E-2
931	3.1762424502E-2	3.1627190212E-2
932	3.1797566027E-2	3.1662363715E-2
933	3.1833813365E-2	3.1698725733E-2
934	3.1875433854E-2	3.1739934729E-2
935	3.190663658E-2	3.1768320477E-2
936	3.1955073584E-2	3.1816552077E-2
937	3.1984497024E-2	3.1846511295E-2
938	3.2017460553E-2	3.1878321838E-2
939	3.2048532008E-2	3.1910269146E-2
940	3.207724425E-2	3.1939139911E-2
941	3.2122666197E-2	3.1983240391E-2
942	3.2166338991E-2	3.2025425587E-2
943	3.222459108E-2	3.2083308241E-2
944	3.2259700623E-2	3.2117878378E-2
945	3.2281110914E-2	3.2139521535E-2
946	3.2330777636E-2	3.2189407674E-2
947	3.2377536998E-2	3.2235600975E-2
948	3.2409132656E-2	3.2266447661E-2
949	3.2447763062E-2	3.2305537596E-2
950	3.2475069755E-2	3.2334223666E-2
951	3.2515449297E-2	3.2372688641E-2
952	3.2558122207E-2	3.2415445498E-2
953	3.2580416063E-2	3.2437087741E-2
954	3.2601191512E-2	3.2458256779E-2
955	3.2628519342E-2	3.2486571244E-2
956	3.2683933911E-2	3.2542001581E-2
957	3.2721081539E-2	3.2579389375E-2
958	3.274823313E-2	3.2605979923E-2
959	3.2775329387E-2	3.2633053117E-2
960	3.2818700063E-2	3.2676373154E-2
961	3.2848584393E-2	3.2703598605E-2
962	3.2878691744E-2	3.2734627844E-2
963	3.2920197319E-2	3.2776007355E-2
964	3.2972141073E-2	3.2829179615E-2
965	3.2990072841E-2	3.2847616817E-2
966	3.302788522E-2	3.2884122738E-2
967	3.305743453E-2	3.2912836587E-2
968	3.3081414614E-2	3.2937593212E-2
969	3.3114976832E-2	3.2970298448E-2
970	3.3171419092E-2	3.302501239E-2
971	3.3219018206E-2	3.3071414826E-2
972	3.3259205138E-2	3.3111319553E-2
973	3.3313207251E-2	3.3165373016E-2
974	3.3347747105E-2	3.3199933732E-2
975	3.3382803396E-2	3.323455368E-2
976	3.3413309868E-2	3.3265542056E-2
977	3.3448861382E-2	3.330092389E-2
978	3.3488422725E-2	3.3339837651E-2
979	3.3537367532E-2	3.3388896292E-2
980	3.3580601557E-2	3.3429695278E-2
981	3.3620553614E-2	3.3468463225E-2
982	3.3649538352E-2	3.3497641178E-2
983	3.3690732943E-2	3.3538429448E-2
984	3.3724852794E-2	3.3572763927E-2
985	3.3758104637E-2	3.3605613862E-2
986	3.3805154449E-2	3.3651193348E-2
987	3.3835242183E-2	3.3681612668E-2
988	3.3879592671E-2	3.3726560076E-2
989	3.3913946998E-2	3.3761543141E-2
990	3.3947557417E-2	3.3795673911E-2
991	3.3989685159E-2	3.3836974364E-2
992	3.401185746E-2	3.385898623E-2
993	3.4039622721E-2	3.3886763306E-2
994	3.4091950882E-2	3.3938370903E-2
995	3.4120938638E-2	3.3968091099E-2
996	3.416805379E-2	3.4015443504E-2
997	3.419771556E-2	3.4044352023E-2
998	3.4232559389E-2	3.4079227371E-2
999	3.4271830056E-2	3.4116047584E-2
1000	3.4312618541E-2	3.4155998968E-2
1001	3.4355237644E-2	3.4198803439E-2
1002	3.4396984021E-2	3.4238309672E-2
1003	3.4442408263E-2	3.428391755E-2
1004	3.4483527287E-2	3.4324028846E-2
1005	3.4524482938E-2	3.4363786041E-2
1006	3.4561004059E-2	3.4401840488E-2
1007	3.4614082087E-2	3.4455159349E-2
1008	3.4650851461E-2	3.4489532315E-2
1009	3.4686751626E-2	3.4525068495E-2
1010	3.473304593E-2	3.4571130823E-2
1011	3.4764669202E-2	3.4603894597E-2
1012	3.4815031146E-2	3.4654707773E-2
1013	3.4854914749E-2	3.4695381337E-2
1014	3.4887140423E-2	3.4727096038E-2
1015	3.4923344749E-2	3.4763099903E-2
1016	3.4969020539E-2	3.4807556467E-2
1017	3.4998453272E-2	3.4835610783E-2
1018	3.5040282331E-2	3.4878746077E-2
1019	3.5081576959E-2	3.4919062598E-2
1020	3.5121777152E-2	3.4960955192E-2
1021	3.5162389141E-2	3.4999498669E-2
1022	3.5187289831E-2	3.5024067963E-2
1023	3.5229121841E-2	3.5064047653E-2
1024	3.5270147368E-2	3.5105746752E-2
1025	3.5314853918E-2	3.5150113835E-2
1026	3.5345446073E-2	3.517968193E-2
1027	3.538778403E-2	3.5221505168E-2
1028	3.5419340924E-2	3.525281459E-2
1029	3.5479461881E-2	3.5314712985E-2
1030	3.5533091307E-2	3.5368268649E-2
1031	3.5575484491E-2	3.5409981338E-2
1032	3.5613194117E-2	3.5445966996E-2
1033	3.5663354551E-2	3.5494223966E-2
1034	3.5693837686E-2	3.5524084762E-2
1035	3.5724220405E-2	3.5553555142E-2
1036	3.5769457884E-2	3.5598265956E-2
1037	3.5815393399E-2	3.5644441003E-2
1038	3.5857802338E-2	3.5686198227E-2
1039	3.589094909E-2	3.5719817582E-2
1040	3.5941725387E-2	3.5769702548E-2
1041	3.5984948135E-2	3.581346457E-2
1042	3.601979667E-2	3.5847430406E-2
1043	3.6072500647E-2	3.5899688308E-2
1044	3.6132615828E-2	3.5962109552E-2
1045	3.618251472E-2	3.6012680621E-2
1046	3.6227246365E-2	3.6058996724E-2
1047	3.6269488327E-2	3.6099985719E-2
1048	3.6314867741E-2	3.614485909E-2
1049	3.6366016291E-2	3.6195935809E-2
1050	3.6400409716E-2	3.6230610376E-2
1051	3.6452028164E-2	3.628201623E-2
1052	3.6483505469E-2	3.6313603875E-2
1053	3.6528067973E-2	3.6357559384E-2
1054	3.6563514465E-2	3.6393763785E-2
1055	3.6617283712E-2	3.6448051157E-2
1056	3.6652965458E-2	3.64812374E-2
1057	3.6713424169E-2	3.6539975071E-2
1058	3.6765903207E-2	3.6592367213E-2
1059	3.6814481525E-2	3.6641747083E-2
1060	3.6834463109E-2	3.6661530205E-2
1061	3.6870729684E-2	3.6697345578E-2
1062	3.692305172E-2	3.6747827567E-2
1063	3.6965785265E-2	3.6790462096E-2
1064	3.7012122028E-2	3.6835918544E-2
1065	3.7057721325E-2	3.688171863E-2
1066	3.7094438196E-2	3.6918396237E-2
1067	3.714533983E-2	3.6969048022E-2
1068	3.7181259957E-2	3.7005221086E-2
1069	3.7216006842E-2	3.7040324569E-2
1070	3.7268375307E-2	3.7091563295E-2
1071	3.7329182787E-2	3.7150777326E-2
1072	3.7391950684E-2	3.7212744187E-2
1073	3.743492059E-2	3.725510738E-2
1074	3.7504236152E-2	3.7325016876E-2
1075	3.7564431666E-2	3.7384801869E-2
1076	3.7606462655E-2	3.7424757022E-2
1077	3.7658394371E-2	3.7475685457E-2
1078	3.7710534368E-2	3.7527805059E-2
1079	3.7748791182E-2	3.757067871E-2
1080	3.779015714E-2	3.7611699764E-2
1081	3.7839391694E-2	3.7662454189E-2
1082	3.7889738283E-2	3.7712743107E-2
1083	3.7929553573E-2	3.7752875543E-2
1084	3.797074472E-2	3.7793921771E-2
1085	3.8019889082E-2	3.7844047446E-2
1086	3.8073284588E-2	3.7901155938E-2
1087	3.8131434431E-2	3.7959684926E-2
1088	3.8176330051E-2	3.800281427E-2
1089	3.8213949068E-2	3.8039641885E-2
1090	3.8263308984E-2	3.8085707667E-2
1091	3.8310993363E-2	3.8135948713E-2
1092	3.836228624E-2	3.8186919772E-2
1093	3.8403709192E-2	3.8227568064E-2
1094	3.8447372258E-2	3.8272602672E-2
1095	3.8506479502E-2	3.8330833838E-2
1096	3.8558352097E-2	3.8383293555E-2
1097	3.8605044397E-2	3.8429971676E-2
1098	3.8674293417E-2	3.8500910461E-2
1099	3.8723898731E-2	3.8549812072E-2
1100	3.8769416385E-2	3.859414878E-2
1101	3.8809819463E-2	3.8633627254E-2
1102	3.8836017378E-2	3.8661219485E-2
1103	3.8892818612E-2	3.8719252037E-2
1104	3.8946326255E-2	3.8774216157E-2
1105	3.8995562059E-2	3.8823824969E-2
1106	3.9061436105E-2	3.8889222558E-2
1107	3.9105601728E-2	3.8933177096E-2
1108	3.9164154573E-2	3.8990858557E-2
1109	3.9196797668E-2	3.9023369557E-2
1110	3.924934779E-2	3.9076267692E-2
1111	3.9297606015E-2	3.91268274E-2
1112	3.9349456452E-2	3.9178325081E-2
1113	3.9402691081E-2	3.9232039861E-2
1114	3.9435747709E-2	3.9264230093E-2
1115	3.9485667176E-2	3.9314683319E-2
1116	3.9534530595E-2	3.9362631129E-2
1117	3.9562245707E-2	3.9390594404E-2
1118	3.9610952604E-2	3.9439084027E-2
1119	3.966534563E-2	3.9493362619E-2
1120	3.9709001755E-2	3.9536250307E-2
1121	3.9763696315E-2	3.959071452E-2
1122	3.9813265189E-2	3.9640281493E-2
1123	3.9877154791E-2	3.9704898574E-2
1124	3.9926481881E-2	3.9753412551E-2
1125	3.9968097138E-2	3.9795878388E-2
1126	4.0029542643E-2	3.985743299E-2
1127	4.0094411783E-2	3.9921697255E-2
1128	4.0155818477E-2	3.998308961E-2
1129	4.0207860837E-2	4.0034214089E-2
1130	4.0262725549E-2	4.0087763319E-2
1131	4.0330088559E-2	4.0153691774E-2
1132	4.0380254292E-2	4.0204270477E-2
1133	4.042860695E-2	4.025269027E-2
1134	4.0473433458E-2	4.0298283319E-2
1135	4.0520252821E-2	4.0344784344E-2
1136	4.05721955E-2	4.0394237638E-2
1137	4.0625338734E-2	4.0447186644E-2
1138	4.0696248839E-2	4.0517639427E-2
1139	4.0767619516E-2	4.0588260715E-2
1140	4.0806889701E-2	4.0626770333E-2
1141	4.0856990218E-2	4.0677012845E-2
1142	4.088890672E-2	4.0708578746E-2
1143	4.0952310691E-2	4.0771292255E-2
1144	4.1009269677E-2	4.0828157154E-2
1145	4.1040933613E-2	4.0861327121E-2
1146	4.1094116202E-2	4.0916224147E-2
1147	4.1149902427E-2	4.0972272452E-2
1148	4.1212841796E-2	4.1037162584E-2
1149	4.1271038829E-2	4.1095336192E-2
1150	4.1320588712E-2	4.1144135439E-2
1151	4.1380222652E-2	4.1204064434E-2
1152	4.1447724766E-2	4.1270811855E-2
1153	4.151298671E-2	4.1336747954E-2
1154	4.1569813171E-2	4.1392841581E-2
1155	4.1622396832E-2	4.1445456797E-2
1156	4.1674461972E-2	4.1497854384E-2
1157	4.1720767519E-2	4.1543652929E-2
1158	4.1763068622E-2	4.1585184531E-2
1159	4.1824464772E-2	4.1646349727E-2
1160	4.186512278E-2	4.1685325917E-2
1161	4.1911989412E-2	4.1731789266E-2
1162	4.1969499396E-2	4.1786806608E-2
1163	4.2030064299E-2	4.1848332094E-2
1164	4.2086849946E-2	4.1904219667E-2
1165	4.2160432671E-2	4.1976352827E-2
1166	4.2216957419E-2	4.2029582527E-2
1167	4.2259712753E-2	4.207092501E-2
1168	4.2337899331E-2	4.2149821623E-2
1169	4.2383085754E-2	4.219434184E-2
1170	4.2460087647E-2	4.2270782341E-2
1171	4.2526051925E-2	4.2335600954E-2
1172	4.2578701341E-2	4.2391759831E-2
1173	4.2650823459E-2	4.2464368995E-2
1174	4.270269396E-2	4.2514121542E-2
1175	4.2754534343E-2	4.2568310154E-2
1176	4.2843134575E-2	4.2656540572E-2
1177	4.2903636572E-2	4.2715740944E-2
1178	4.2967764927E-2	4.2780566185E-2
1179	4.3028612938E-2	4.2840623633E-2
1180	4.308055367E-2	4.2890535563E-2
1181	4.3136106923E-2	4.2943691025E-2
1182	4.3188333989E-2	4.2995368912E-2
1183	4.3236414536E-2	4.3044201605E-2
1184	4.3282102015E-2	4.3091891057E-2
1185	4.3337637371E-2	4.3146936646E-2
1186	4.3394905543E-2	4.3204320872E-2
1187	4.3451464327E-2	4.3260926014E-2
1188	4.3498623325E-2	4.330769475E-2
1189	4.3590684732E-2	4.3396539094E-2
1190	4.3637649629E-2	4.3443472394E-2
1191	4.3702082484E-2	4.3507529267E-2
1192	4.3790558086E-2	4.3594175272E-2
1193	4.385464865E-2	4.3658193585E-2
1194	4.393296838E-2	4.3733391339E-2
1195	4.4004669811E-2	4.3804146202E-2
1196	4.4079314032E-2	4.3877933497E-2
1197	4.4141664025E-2	4.3940375819E-2
1198	4.4221792877E-2	4.4019136592E-2
1199	4.4294166126E-2	4.4090834981E-2
1200	4.4344337513E-2	4.4138144128E-2
1201	4.4397498722E-2	4.4191719819E-2
1202	4.4479437506E-2	4.4272745988E-2
1203	4.4562192773E-2	4.4352854746E-2
1204	4.463046839E-2	4.442078991E-2
1205	4.4695103192E-2	4.4483677109E-2
1206	4.4739515365E-2	4.4527516167E-2
1207	4.4807741977E-2	4.4595475577E-2
1208	4.4883639197E-2	4.4670794205E-2
1209	4.4949806608E-2	4.4736562608E-2
1210	4.5017734986E-2	4.4802254833E-2
1211	4.5100923143E-2	4.4884400112E-2
1212	4.517094602E-2	4.4953093621E-2
1213	4.5225763347E-2	4.500776197E-2
1214	4.5284009172E-2	4.5064749591E-2
1215	4.537276068E-2	4.5151824304E-2
1216	4.5437007221E-2	4.5215122907E-2
1217	4.5505872225E-2	4.5281887904E-2
1218	4.5587287581E-2	4.5360415868E-2
1219	4.5654815387E-2	4.5429058166E-2
1220	4.5740099564E-2	4.5510980554E-2
1221	4.5819619702E-2	4.558505052E-2
1222	4.5907635039E-2	4.5671178142E-2
1223	4.5974676883E-2	4.5735579055E-2
1224	4.603821371E-2	4.5798555375E-2
1225	4.6137671284E-2	4.5897973645E-2
1226	4.6223434469E-2	4.5982969753E-2
1227	4.6313316378E-2	4.6072623872E-2
1228	4.6413113629E-2	4.6173017917E-2
1229	4.6514166178E-2	4.6272639034E-2
1230	4.6581012378E-2	4.6338342532E-2
1231	4.6663622773E-2	4.6421026817E-2
1232	4.6715638794E-2	4.6470263725E-2
1233	4.6797410384E-2	4.6552135421E-2
1234	4.6878818771E-2	4.6632585288E-2
1235	4.6950960806E-2	4.6701338437E-2
1236	4.7036208305E-2	4.6789656686E-2
1237	4.7120506594E-2	4.687158302E-2
1238	4.7198619639E-2	4.6946307074E-2
1239	4.7284468541E-2	4.7029495092E-2
1240	4.736092719E-2	4.7104600488E-2
1241	4.7463947278E-2	4.7205639423E-2
1242	4.7573085265E-2	4.7311574527E-2
1243	4.7646720325E-2	4.7383835899E-2
1244	4.7746284326E-2	4.7482715288E-2
1245	4.7832680674E-2	4.7566261925E-2
1246	4.7938455205E-2	4.7670608877E-2
1247	4.8026539441E-2	4.7758603015E-2
1248	4.8117948775E-2	4.7847283008E-2
1249	4.8201911841E-2	4.7931229212E-2
1250	4.8277347235E-2	4.8000801602E-2
1251	4.8378135843E-2	4.8098178468E-2
1252	4.8483449007E-2	4.8199408988E-2
1253	4.8573211995E-2	4.828581392E-2
1254	4.8672095757E-2	4.8382133067E-2
1255	4.876964293E-2	4.847736611E-2
1256	4.8854910815E-2	4.8559891165E-2
1257	4.8936130762E-2	4.8642240029E-2
1258	4.9048503083E-2	4.8752002292E-2
1259	4.9139679517E-2	4.8841008615E-2
1260	4.9213449442E-2	4.8912039278E-2
1261	4.9329398759E-2	4.9024249144E-2
1262	4.9412406499E-2	4.9104647171E-2
1263	4.9489522974E-2	4.9181810041E-2
1264	4.9586146601E-2	4.9275568899E-2
1265	4.9682809725E-2	4.9374140916E-2
1266	4.9751642039E-2	4.9441378893E-2
1267	4.9822189931E-2	4.9509840106E-2
1268	4.9921076488E-2	4.9605742841E-2
1269	5.0043018418E-2	4.9726455581E-2
1270	5.0160400163E-2	4.9843260306E-2
1271	5.0284286638E-2	4.9963526696E-2
1272	5.0367887615E-2	5.0042563051E-2
1273	5.046561411E-2	5.0138908483E-2
1274	5.0612940854E-2	5.0280757195E-2
1275	5.0688099468E-2	5.0355594549E-2
1276	5.0805791258E-2	5.0471202701E-2
1277	5.0916647555E-2	5.0580604913E-2
1278	5.1028224744E-2	5.0690920226E-2
1279	5.1133905314E-2	5.0793339773E-2
1280	5.1238287701E-2	5.0894204376E-2
1281	5.1342317683E-2	5.0995388059E-2
1282	5.1456849018E-2	5.1108359686E-2
1283	5.1537209823E-2	5.1187035554E-2
1284	5.1635048354E-2	5.1282325965E-2
1285	5.1713331331E-2	5.1358785205E-2
1286	5.1837855231E-2	5.1480702916E-2
1287	5.1973301792E-2	5.1617290627E-2
1288	5.2114863248E-2	5.1754658714E-2
1289	5.2233855152E-2	5.1870214345E-2
1290	5.2353769744E-2	5.1986300325E-2
1291	5.2477768962E-2	5.2108837406E-2
1292	5.2617213183E-2	5.2245193674E-2
1293	5.2743117945E-2	5.2368995599E-2
1294	5.2879199534E-2	5.2500437272E-2
1295	5.300499676E-2	5.2622743792E-2
1296	5.3116159912E-2	5.2732091989E-2
1297	5.3268131702E-2	5.2880120089E-2
1298	5.3399699348E-2	5.3007506697E-2
1299	5.3540482228E-2	5.3145011546E-2
1300	5.3658484427E-2	5.3260521197E-2
1301	5.3775936482E-2	5.3375436654E-2
1302	5.3937631529E-2	5.3530688757E-2
1303	5.4073102118E-2	5.3662856738E-2
1304	5.4237169199E-2	5.3824503058E-2
1305	5.4375094009E-2	5.3958151086E-2
1306	5.4503567327E-2	5.4081399365E-2
1307	5.4616779988E-2	5.418980815E-2
1308	5.4737662575E-2	5.4306652777E-2
1309	5.4881844432E-2	5.4448197189E-2
1310	5.5045207852E-2	5.4609594134E-2
1311	5.518647636E-2	5.4746211156E-2
1312	5.5331508588E-2	5.4891877001E-2
1313	5.5450783754E-2	5.5015298355E-2
1314	5.5603220424E-2	5.5164214785E-2
1315	5.5772067358E-2	5.5329828586E-2
1316	5.5908587738E-2	5.5464824096E-2
1317	5.6088194712E-2	5.5640469019E-2
1318	5.625266353E-2	5.5800285993E-2
1319	5.6448572716E-2	5.5993282907E-2
1320	5.6595495707E-2	5.6138393347E-2
1321	5.6770052279E-2	5.6310824162E-2
1322	5.6958330542E-2	5.6496066925E-2
1323	5.7188652102E-2	5.6725666235E-2
1324	5.7394130148E-2	5.6927596198E-2
1325	5.756305496E-2	5.7093626047E-2
1326	5.7716718008E-2	5.7243045908E-2
1327	5.7920163948E-2	5.7443817771E-2
1328	5.8108808233E-2	5.7631663502E-2
1329	5.8300748359E-2	5.7820587388E-2
1330	5.8505877276E-2	5.802109644E-2
1331	5.8720970744E-2	5.8230821598E-2
1332	5.8894288789E-2	5.8399858036E-2
1333	5.9072835746E-2	5.857445491E-2
1334	5.9267767707E-2	5.8764400379E-2
1335	5.9489983614E-2	5.898131445E-2
1336	5.9712035561E-2	5.9198643031E-2
1337	5.9930046349E-2	5.941311425E-2
1338	6.0163417095E-2	5.9638035294E-2
1339	6.0368505712E-2	5.9838728846E-2
1340	6.0603362409E-2	6.0070572806E-2
1341	6.0815344774E-2	6.0279532231E-2
1342	6.1062823603E-2	6.0521960768E-2
1343	6.1308456652E-2	6.0762283875E-2
1344	6.1526612278E-2	6.0974153973E-2
1345	6.1812890379E-2	6.1253815961E-2
1346	6.2016028085E-2	6.1452730477E-2
1347	6.2244541856E-2	6.1680007524E-2
1348	6.2470431125E-2	6.1904497239E-2
1349	6.2719969204E-2	6.2144552223E-2
1350	6.297843686E-2	6.2398613963E-2
1351	6.3203552551E-2	6.2621958318E-2
1352	6.3460451218E-2	6.2874960319E-2
1353	6.3672411949E-2	6.308490601E-2
1354	6.4001337753E-2	6.340712968E-2
1355	6.4260982427E-2	6.3661129788E-2
1356	6.4490619858E-2	6.388830783E-2
1357	6.4763464112E-2	6.4156474747E-2
1358	6.5042551555E-2	6.4429749879E-2
1359	6.5315582363E-2	6.4697142306E-2
1360	6.5593635471E-2	6.4972221461E-2
1361	6.5875893841E-2	6.5248252864E-2
1362	6.6186776929E-2	6.555413957E-2
1363	6.645217362E-2	6.5812201715E-2
1364	6.6762786801E-2	6.6116977996E-2
1365	6.7030190852E-2	6.6376720357E-2
1366	6.7298172966E-2	6.6637645303E-2
1367	6.759761305E-2	6.6929687676E-2
1368	6.7920848367E-2	6.7245666478E-2
1369	6.8207583117E-2	6.7530564529E-2
1370	6.8529417248E-2	6.7846626288E-2
1371	6.8869740492E-2	6.818120579E-2
1372	6.9190888829E-2	6.8497525342E-2
1373	6.9480628914E-2	6.8781982414E-2
1374	6.9775609166E-2	6.907039962E-2
1375	7.0109469836E-2	6.9395959145E-2
1376	7.0514500076E-2	6.9794731796E-2
1377	7.0851388291E-2	7.0126667891E-2
1378	7.1157949585E-2	7.0423905262E-2
1379	7.1531944476E-2	7.0791280748E-2
1380	7.1896605849E-2	7.1146529425E-2
1381	7.2248579774E-2	7.1490553596E-2
1382	7.2667219082E-2	7.1900219295E-2
1383	7.3040279084E-2	7.2264190907E-2
1384	7.3359561669E-2	7.2575404818E-2
1385	7.3764986707E-2	7.2972226569E-2
1386	7.414733403E-2	7.3345175216E-2
1387	7.4515654284E-2	7.3705952872E-2
1388	7.4947735214E-2	7.4126977451E-2
1389	7.5371307053E-2	7.45401182E-2
1390	7.5792306767E-2	7.4949591083E-2
1391	7.6190309339E-2	7.5335522124E-2
1392	7.6591261391E-2	7.5720685517E-2
1393	7.6980050042E-2	7.6100163887E-2
1394	7.7392653723E-2	7.6505011808E-2
1395	7.7782392854E-2	7.6886821535E-2
1396	7.8221065705E-2	7.7313612892E-2
1397	7.8636832575E-2	7.7716780458E-2
1398	7.9094303093E-2	7.8163840254E-2
1399	7.9495556506E-2	7.8552678832E-2
1400	7.9917600534E-2	7.8961691141E-2
1401	8.0363122579E-2	7.9397082094E-2
1402	8.0791194141E-2	7.9812182034E-2
1403	8.1249840732E-2	8.0261275381E-2
1404	8.174142316E-2	8.0740566966E-2
1405	8.2230018384E-2	8.1214735433E-2
1406	8.2739818471E-2	8.1715104736E-2
1407	8.3236570158E-2	8.2201887487E-2
1408	8.376177491E-2	8.2710877537E-2
1409	8.4226740803E-2	8.3162639515E-2
1410	8.4713422225E-2	8.3626035231E-2
1411	8.5283907956E-2	8.4179819407E-2
1412	8.5773855971E-2	8.4657278352E-2
1413	8.6267886783E-2	8.5142402942E-2
1414	8.6782446794E-2	8.564630897E-2
1415	8.7313391485E-2	8.6163475553E-2
1416	8.7875305947E-2	8.6710628831E-2
1417	8.8395935934E-2	8.721380443E-2
1418	8.8919683609E-2	8.772102865E-2
1419	8.9459748866E-2	8.8244901179E-2
1420	9.0033624049E-2	8.880082215E-2
1421	9.0513527207E-2	8.9265093483E-2
1422	9.1078836603E-2	8.9806098822E-2
1423	9.1671408636E-2	9.0377828232E-2
1424	9.2257483436E-2	9.0946257753E-2
1425	9.284401966E-2	9.1513208872E-2
1426	9.3403942342E-2	9.2054761424E-2
1427	9.3949900592E-2	9.2584830243E-2
1428	9.4517616335E-2	9.3133243449E-2
1429	9.5124588457E-2	9.3717187587E-2
1430	9.5736502537E-2	9.4308541392E-2
1431	9.6302974108E-2	9.4860300518E-2
1432	9.6848121975E-2	9.5392328804E-2
1433	9.7461507454E-2	9.5987039376E-2
1434	9.8058419263E-2	9.6564061208E-2
1435	9.8708671053E-2	9.71950796E-2
1436	9.9339024998E-2	9.7804601037E-2
1437	1.0000709628E-1	9.8452057373E-2
1438	1.006190936E-1	9.9041155328E-2
1439	1.011676283E-1	9.957111563E-2
1440	1.0177981562E-1	1.0016245011E-1
1441	1.0244614779E-1	1.0080695532E-1
1442	1.0311456932E-1	1.0144968521E-1
1443	1.0383122478E-1	1.0215577875E-1
1444	1.0447243614E-1	1.027768028E-1
1445	1.0512242952E-1	1.0341154449E-1
1446	1.0578478116E-1	1.0405013032E-1
1447	1.064725712E-1	1.0471209335E-1
1448	1.0705228506E-1	1.0527586425E-1
1449	1.0782255233E-1	1.0601435786E-1
1450	1.0856829969E-1	1.0673158238E-1
1451	1.0923861026E-1	1.0739000506E-1
1452	1.0993723297E-1	1.0806917621E-1
1453	1.1069340758E-1	1.0880324914E-1
1454	1.1142956256E-1	1.095116093E-1
1455	1.1224848894E-1	1.1030257375E-1
1456	1.1289943488E-1	1.109308955E-1
1457	1.1360495614E-1	1.1161324937E-1
1458	1.1435535958E-1	1.123415021E-1
1459	1.1524147783E-1	1.1320036361E-1
1460	1.1602131412E-1	1.139521158E-1
1461	1.1676206492E-1	1.1466732745E-1
1462	1.1746333116E-1	1.15346157E-1
1463	1.1823364774E-1	1.160918419E-1
1464	1.190745103E-1	1.1690320488E-1
1465	1.1984845937E-1	1.1764978187E-1
1466	1.2062475707E-1	1.1840144981E-1
1467	1.2148542203E-1	1.1923565131E-1
1468	1.2227123219E-1	1.1999806193E-1
1469	1.2303862673E-1	1.2074328952E-1
1470	1.2383766083E-1	1.2152264099E-1
1471	1.24638677E-1	1.2229740061E-1
1472	1.2542512271E-1	1.2305659634E-1
1473	1.2621126518E-1	1.2381768771E-1
1474	1.2703870009E-1	1.2461409599E-1
1475	1.2789226381E-1	1.254383571E-1
1476	1.2867338573E-1	1.2619248491E-1
1477	1.2950983739E-1	1.2699884379E-1
1478	1.3030450952E-1	1.2775963833E-1
1479	1.3110506781E-1	1.2853172083E-1
1480	1.3202784158E-1	1.294234823E-1
1481	1.3286638658E-1	1.302308699E-1
1482	1.3369874244E-1	1.3103703616E-1
1483	1.3461523852E-1	1.3191796051E-1
1484	1.3543855041E-1	1.3270973852E-1
1485	1.3627875244E-1	1.3352264003E-1
1486	1.3722466281E-1	1.3443062496E-1
1487	1.3805978808E-1	1.3523947867E-1
1488	1.3902670616E-1	1.3617483747E-1
1489	1.3996556424E-1	1.3708358529E-1
1490	1.4088405689E-1	1.3797087974E-1
1491	1.4177525746E-1	1.3883170397E-1
1492	1.4262585694E-1	1.3964694402E-1
1493	1.4348572295E-1	1.4047469328E-1
1494	1.4439864194E-1	1.41352061E-1
1495	1.4535128874E-1	1.4227156293E-1
1496	1.4634044648E-1	1.4322169467E-1
1497	1.4718347918E-1	1.4403090938E-1
1498	1.4809480767E-1	1.4490871835E-1
1499	1.4900295284E-1	1.4578572264E-1
1500	1.4997230995E-1	1.4672865469E-1
1501	1.5090291014E-1	1.4762479957E-1
1502	1.5185856367E-1	1.4854783997E-1
1503	1.5279315233E-1	1.4944172884E-1
1504	1.5375241639E-1	1.5037755429E-1
1505	1.5476994299E-1	1.5136171291E-1
1506	1.5579717349E-1	1.5234721197E-1
1507	1.5686801719E-1	1.5338137084E-1
1508	1.5787534483E-1	1.5435559977E-1
1509	1.5888919608E-1	1.5533284999E-1
1510	1.5990859926E-1	1.5632280349E-1
1511	1.6093022977E-1	1.5731106864E-1
1512	1.6191672617E-1	1.5826249194E-1
1513	1.6293052566E-1	1.5924241254E-1
1514	1.6390391483E-1	1.6018029326E-1
1515	1.6494336275E-1	1.6118234368E-1
1516	1.6600049881E-1	1.6220412572E-1
1517	1.6694453265E-1	1.6311188108E-1
1518	1.6788105603E-1	1.6401762193E-1
1519	1.6887300327E-1	1.6497458719E-1
1520	1.698765457E-1	1.6594280237E-1
1521	1.7092771466E-1	1.6695654921E-1
1522	1.7187642709E-1	1.6787438038E-1
1523	1.7288394145E-1	1.6884732657E-1
1524	1.7397429386E-1	1.6989985309E-1
1525	1.7497011592E-1	1.7086270962E-1
1526	1.7595019621E-1	1.7180977596E-1
1527	1.7700065742E-1	1.7282639692E-1
1528	1.7796419206E-1	1.7375701113E-1
1529	1.7901034059E-1	1.7477588442E-1
1530	1.8001859897E-1	1.7574920258E-1
1531	1.8104829537E-1	1.7674283192E-1
1532	1.8202227084E-1	1.7768411734E-1
1533	1.8305209469E-1	1.7869433198E-1
1534	1.8406581523E-1	1.7968678947E-1
1535	1.8519555499E-1	1.8077676751E-1
1536	1.862955684E-1	1.8183434164E-1
1537	1.8731756694E-1	1.8281767512E-1
1538	1.8839310565E-1	1.8387149975E-1
1539	1.8950756662E-1	1.8494829345E-1
1540	1.9050307138E-1	1.8590896637E-1
1541	1.91500724E-1	1.8687936103E-1
1542	1.9261643993E-1	1.8796123516E-1
1543	1.937109146E-1	1.8902214748E-1
1544	1.9487286963E-1	1.9014407666E-1
1545	1.9594527051E-1	1.9117696228E-1
1546	1.9707007459E-1	1.9226495834E-1
1547	1.9817043889E-1	1.933290025E-1
1548	1.9934023212E-1	1.9446150966E-1
1549	2.0050337454E-1	1.9558680704E-1
1550	2.0165727855E-1	1.9670227181E-1
1551	2.0279354751E-1	1.9780107521E-1
1552	2.0395566653E-1	1.9891977024E-1
1553	2.0511377517E-1	2.0003943697E-1
1554	2.0627686463E-1	2.0116298713E-1
1555	2.0732764902E-1	2.021789663E-1
1556	2.0850074819E-1	2.0330445511E-1
1557	2.0962987635E-1	2.0439738062E-1
1558	2.1068723856E-1	2.0542132183E-1
1559	2.117758093E-1	2.0647327952E-1
1560	2.129427983E-1	2.0760891801E-1
1561	2.1411952216E-1	2.087514675E-1
1562	2.1531988268E-1	2.099194077E-1
1563	2.1647488428E-1	2.1103656784E-1
1564	2.1749557562E-1	2.1203751009E-1
1565	2.1861894197E-1	2.1313124381E-1
1566	2.1976731832E-1	2.1424363434E-1
1567	2.2086435608E-1	2.153049699E-1
1568	2.2210141782E-1	2.1650334217E-1
1569	2.2319960094E-1	2.1756377072E-1
1570	2.242565412E-1	2.1858652019E-1
1571	2.2544556799E-1	2.1974094876E-1
1572	2.2663134011E-1	2.2089185147E-1
1573	2.2785507905E-1	2.2207637624E-1
1574	2.289906593E-1	2.2317757262E-1
1575	2.3018594949E-1	2.2433640157E-1
1576	2.3141391123E-1	2.2552617157E-1
1577	2.3263345211E-1	2.2669999877E-1
1578	2.3385408047E-1	2.2788752822E-1
1579	2.3507925728E-1	2.2907170076E-1
1580	2.3626700282E-1	2.3022250201E-1
1581	2.374670229E-1	2.313859828E-1
1582	2.3868465421E-1	2.3256637427E-1
1583	2.3996237704E-1	2.33806E-1
1584	2.4115960475E-1	2.3496931596E-1
1585	2.4233320305E-1	2.3610529326E-1
1586	2.4348877511E-1	2.3721835112E-1
1587	2.447834698E-1	2.3847249959E-1
1588	2.4607123167E-1	2.3972113868E-1
1589	2.4730506937E-1	2.4091739004E-1
1590	2.4852869057E-1	2.4210457755E-1
1591	2.4968868055E-1	2.4322957256E-1
1592	2.5084342467E-1	2.4435638388E-1
1593	2.5212917113E-1	2.4560280956E-1
1594	2.5338514424E-1	2.4682172402E-1
1595	2.5469601438E-1	2.4809504703E-1
1596	2.559291881E-1	2.4928995273E-1
1597	2.5717217026E-1	2.5049672295E-1
1598	2.5846762433E-1	2.5175410289E-1
1599	2.5970515749E-1	2.5295636302E-1
1600	2.6093902503E-1	2.5415287939E-1
1601	2.6224045495E-1	2.5542010808E-1
1602	2.6357749604E-1	2.5671960003E-1
1603	2.6494549135E-1	2.5803577764E-1
1604	2.6629233408E-1	2.5934168404E-1
1605	2.6766117212E-1	2.6067437865E-1
1606	2.6896014831E-1	2.619355592E-1
1607	2.7014896286E-1	2.6309649862E-1
1608	2.7153164736E-1	2.6444403688E-1
1609	2.7289315436E-1	2.6577599065E-1
1610	2.7419916612E-1	2.6706059621E-1
1611	2.7558088628E-1	2.684090415E-1
1612	2.7682834961E-1	2.6962443295E-1
1613	2.7818193135E-1	2.7094079763E-1
1614	2.7951323598E-1	2.7223983053E-1
1615	2.8085843394E-1	2.7355493881E-1
1616	2.8219326424E-1	2.7485759283E-1
1617	2.8350837749E-1	2.7613081363E-1
1618	2.8479659302E-1	2.7738853117E-1
1619	2.8607875036E-1	2.7863418275E-1
1620	2.8751129735E-1	2.8003085463E-1
1621	2.8892884695E-1	2.8141302601E-1
1622	2.9022123774E-1	2.826792261E-1
1623	2.9160434657E-1	2.840253575E-1
1624	2.9289526078E-1	2.8528189274E-1
1625	2.9424700338E-1	2.8660280172E-1
1626	2.9563127539E-1	2.8792449568E-1
1627	2.9702673245E-1	2.8927990684E-1
1628	2.9834749128E-1	2.9056955431E-1
1629	2.9976213305E-1	2.9195226875E-1
1630	3.0118193159E-1	2.9334114617E-1
1631	3.0258912182E-1	2.9471640175E-1
1632	3.0404106173E-1	2.9613572044E-1
1633	3.0536936553E-1	2.9744296391E-1
1634	3.0678030466E-1	2.9882088837E-1
1635	3.0817830489E-1	3.0018256728E-1
1636	3.0959450874E-1	3.0157122252E-1
1637	3.1097219189E-1	3.0291696692E-1
1638	3.1237974505E-1	3.0429240723E-1
1639	3.1374168192E-1	3.0563094409E-1
1640	3.1519034479E-1	3.0704913023E-1
1641	3.1667258354E-1	3.0849802192E-1
1642	3.1814715187E-1	3.0994250444E-1
1643	3.1957191727E-1	3.1133963756E-1
1644	3.2107566899E-1	3.1281193772E-1
1645	3.2244540089E-1	3.1415316983E-1
1646	3.2402086721E-1	3.1569939296E-1
1647	3.2551199357E-1	3.1715559519E-1
1648	3.2696548037E-1	3.1858612372E-1
1649	3.2843381238E-1	3.2002330277E-1
1650	3.2989393683E-1	3.2145416698E-1
1651	3.3138096528E-1	3.2291295746E-1
1652	3.3283319808E-1	3.2433691173E-1
1653	3.3436526455E-1	3.2584118617E-1
1654	3.3583052033E-1	3.2727526704E-1
1655	3.3724277567E-1	3.2865896358E-1
1656	3.3881855045E-1	3.3021371315E-1
1657	3.4027644012E-1	3.3164405633E-1
1658	3.4177852572E-1	3.3311414328E-1
1659	3.4323929072E-1	3.3454452419E-1
1660	3.4479503313E-1	3.3607076909E-1
1661	3.4631410715E-1	3.3756526277E-1
1662	3.4780340968E-1	3.3902384504E-1
1663	3.4940872402E-1	3.4058644379E-1
1664	3.509471874E-1	3.4209930927E-1
1665	3.5246592759E-1	3.4358694128E-1
1666	3.5401976272E-1	3.4510645365E-1
1667	3.5555040094E-1	3.4659959281E-1
1668	3.5704978105E-1	3.4806915241E-1
1669	3.5856430265E-1	3.49551683E-1
1670	3.6010228593E-1	3.5105793325E-1
1671	3.6174776163E-1	3.5266325428E-1
1672	3.6324005301E-1	3.5412604547E-1
1673	3.6472172085E-1	3.5557733502E-1
1674	3.6623653018E-1	3.5706393271E-1
1675	3.6780437605E-1	3.5859926167E-1
1676	3.6945460963E-1	3.6021888915E-1
1677	3.709429244E-1	3.6167943296E-1
1678	3.7241018072E-1	3.6310698943E-1
1679	3.7387689151E-1	3.6454723439E-1
1680	3.7550135011E-1	3.661433116E-1
1681	3.7710209766E-1	3.6771504033E-1
1682	3.7871802032E-1	3.6931697998E-1
1683	3.8034194806E-1	3.7091182546E-1
1684	3.8191212757E-1	3.7245636425E-1
1685	3.8340991446E-1	3.7392718154E-1
1686	3.850373371E-1	3.755286279E-1
1687	3.8661904491E-1	3.7708882415E-1
1688	3.8821044975E-1	3.7865473425E-1
1689	3.898079252E-1	3.8023718529E-1
1690	3.9149957052E-1	3.818977942E-1
1691	3.9301726314E-1	3.8339084541E-1
1692	3.9458862912E-1	3.8493794194E-1
1693	3.9623817097E-1	3.8655999554E-1
1694	3.9790386709E-1	3.8820211181E-1
1695	3.9945251047E-1	3.8971876528E-1
1696	4.0102881762E-1	3.9127511056E-1
1697	4.0265409204E-1	3.9287382172E-1
1698	4.0431367578E-1	3.9450895886E-1
1699	4.0590087563E-1	3.9607173951E-1
1700	4.0751906717E-1	3.976428519E-1
1701	4.089913111E-1	3.9908452799E-1
1702	4.106970358E-1	4.0076371793E-1
1703	4.1247967795E-1	4.0251807199E-1
1704	4.1421545805E-1	4.0423067124E-1
1705	4.1599961089E-1	4.059814439E-1
1706	4.1766468759E-1	4.0761865123E-1
1707	4.1941868244E-1	4.0934982818E-1
1708	4.2110900572E-1	4.1101889818E-1
1709	4.2276951147E-1	4.1265786665E-1
1710	4.2443159427E-1	4.1429486653E-1
1711	4.261325151E-1	4.1597300203E-1
1712	4.2794849068E-1	4.1776467064E-1
1713	4.2961652134E-1	4.1940966E-1
1714	4.3128678327E-1	4.2105481506E-1
1715	4.3302744136E-1	4.2278593186E-1
1716	4.3481255793E-1	4.2454674154E-1
1717	4.3655902875E-1	4.2627086698E-1
1718	4.3834610612E-1	4.280318233E-1
1719	4.4003189811E-1	4.2969736237E-1
1720	4.4178774731E-1	4.3143553031E-1
1721	4.4344312768E-1	4.3308258284E-1
1722	4.452140681E-1	4.3483335181E-1
1723	4.4686172146E-1	4.3644666505E-1
1724	4.486326702E-1	4.381956678E-1
1725	4.5044793913E-1	4.3999457935E-1
1726	4.5224284596E-1	4.4177260562E-1
1727	4.5407769334E-1	4.4358629262E-1
1728	4.5587829057E-1	4.4535854527E-1
1729	4.5771415847E-1	4.4717370078E-1
1730	4.5944174002E-1	4.488805025E-1
1731	4.6128325924E-1	4.5069640494E-1
1732	4.6315950669E-1	4.5255259926E-1
1733	4.6496998462E-1	4.5433906047E-1
1734	4.6667233547E-1	4.5601919384E-1
1735	4.6848715843E-1	4.5780590553E-1
1736	4.7022373713E-1	4.5952052848E-1
1737	4.7198412875E-1	4.6125948351E-1
1738	4.7368378527E-1	4.6293787345E-1
1739	4.7542263287E-1	4.646593032E-1
1740	4.7719575517E-1	4.6641807404E-1
1741	4.789639292E-1	4.6817041062E-1
1742	4.8073900542E-1	4.6991684221E-1
1743	4.8253624654E-1	4.7169308272E-1
1744	4.8427468548E-1	4.7340765325E-1
1745	4.8608116006E-1	4.7519434898E-1
1746	4.8791330029E-1	4.7700641118E-1
1747	4.8976911572E-1	4.7884215462E-1
1748	4.9165892237E-1	4.807075243E-1
1749	4.9349587208E-1	4.8252412217E-1
1750	4.9532256226E-1	4.8432980006E-1
1751	4.9713184936E-1	4.8612131225E-1
1752	4.9895026174E-1	4.879194922E-1
1753	5.0081488044E-1	4.8976570354E-1
1754	5.027917238E-1	4.9172068068E-1
1755	5.0453448081E-1	4.9344604783E-1
1756	5.0623441643E-1	4.9512775858E-1
1757	5.0810357024E-1	4.9697297472E-1
1758	5.0989322848E-1	4.9873955196E-1
1759	5.1165353506E-1	5.0048462112E-1
1760	5.13536624E-1	5.0233844539E-1
1761	5.1548284135E-1	5.0426024883E-1
1762	5.1734762699E-1	5.0610485196E-1
1763	5.1928770744E-1	5.0802766245E-1
1764	5.2113025578E-1	5.0984887716E-1
1765	5.2309898976E-1	5.1180378636E-1
1766	5.2497155863E-1	5.1366287087E-1
1767	5.267709945E-1	5.1544309082E-1
1768	5.2867240107E-1	5.1732320484E-1
1769	5.3043512025E-1	5.1907038039E-1
1770	5.3242917347E-1	5.21060806E-1
1771	5.3434768688E-1	5.2296000222E-1
1772	5.3623939218E-1	5.2482965318E-1
1773	5.3828079039E-1	5.2683770769E-1
1774	5.401446805E-1	5.2867138361E-1
1775	5.4209582783E-1	5.3060424979E-1
1776	5.4413800914E-1	5.3262727683E-1
1777	5.4609936923E-1	5.3457292277E-1
1778	5.4800669901E-1	5.3646072515E-1
1779	5.4992814236E-1	5.3836315133E-1
1780	5.5199497992E-1	5.4040892243E-1
1781	5.5405850925E-1	5.4245570607E-1
1782	5.5601460869E-1	5.4439274962E-1
1783	5.578528666E-1	5.4621449554E-1
1784	5.5978936682E-1	5.481304112E-1
1785	5.6168963302E-1	5.5001156088E-1
1786	5.6358838438E-1	5.5189135576E-1
1787	5.6563753305E-1	5.5392404711E-1
1788	5.6740240158E-1	5.5567022017E-1
1789	5.6944086027E-1	5.5769208615E-1
1790	5.7143434198E-1	5.596718274E-1
1791	5.7352092697E-1	5.6174470532E-1
1792	5.7552002356E-1	5.6373040274E-1
1793	5.7761758205E-1	5.6579320162E-1
1794	5.7957635684E-1	5.6774339289E-1
1795	5.8147802551E-1	5.6963067838E-1
1796	5.834937969E-1	5.7162131229E-1
1797	5.8547285352E-1	5.7358485474E-1
1798	5.8744298903E-1	5.7553837542E-1
1799	5.8939633316E-1	5.7747836782E-1
1800	5.9150469899E-1	5.7955842833E-1
1801	5.9346158041E-1	5.8150106883E-1
1802	5.9547923821E-1	5.8350326389E-1
1803	5.9745007622E-1	5.85454991E-1
1804	5.9946203623E-1	5.8744972841E-1
1805	6.0150550187E-1	5.8947861235E-1
1806	6.0347179432E-1	5.9141578922E-1
1807	6.0543277448E-1	5.9334350321E-1
1808	6.0750519049E-1	5.9539519387E-1
1809	6.0955489013E-1	5.9742604608E-1
1810	6.1155437782E-1	5.9941515628E-1
1811	6.1350647704E-1	6.0134906877E-1
1812	6.1564507145E-1	6.0346909769E-1
1813	6.177408661E-1	6.0555556325E-1
1814	6.1977268244E-1	6.0756851314E-1
1815	6.2166508747E-1	6.0943954605E-1
1816	6.236634688E-1	6.1141726722E-1
1817	6.2565302636E-1	6.1338554766E-1
1818	6.2764694237E-1	6.1536337577E-1
1819	6.2972872209E-1	6.174221714E-1
1820	6.3178630942E-1	6.1946355324E-1
1821	6.3371783351E-1	6.2137212176E-1
1822	6.3561082067E-1	6.2324785347E-1
1823	6.3772249935E-1	6.2532958566E-1
1824	6.3973520953E-1	6.2732157256E-1
1825	6.4177402829E-1	6.293453096E-1
1826	6.4382498786E-1	6.3137304906E-1
1827	6.4590092061E-1	6.3343452259E-1
1828	6.4796541462E-1	6.3547747426E-1
1829	6.5007172977E-1	6.3756464473E-1
1830	6.520650835E-1	6.3953994511E-1
1831	6.5413299848E-1	6.4159232714E-1
1832	6.5616676392E-1	6.4361266618E-1
1833	6.583689973E-1	6.4579850167E-1
1834	6.6041759455E-1	6.4783624906E-1
1835	6.6244060363E-1	6.4984631034E-1
1836	6.644469962E-1	6.5183363617E-1
1837	6.6646067528E-1	6.5383835795E-1
1838	6.6846816593E-1	6.5583430463E-1
1839	6.7062497886E-1	6.579713199E-1
1840	6.7269649681E-1	6.6002931438E-1
1841	6.7488082186E-1	6.6219823404E-1
1842	6.7697586505E-1	6.6427404144E-1
1843	6.7907851785E-1	6.6635486014E-1
1844	6.8111136552E-1	6.6837038545E-1
1845	6.8307241274E-1	6.7030135466E-1
1846	6.8523824662E-1	6.7244973118E-1
1847	6.8726030134E-1	6.7445400961E-1
1848	6.8933958868E-1	6.7651547774E-1
1849	6.9145328024E-1	6.7861713271E-1
1850	6.9350862371E-1	6.806681592E-1
1851	6.9555246036E-1	6.8269613236E-1
1852	6.9765716102E-1	6.8478559867E-1
1853	6.997868292E-1	6.8690120637E-1
1854	7.0183294959E-1	6.8893174012E-1
1855	7.0399867179E-1	6.9108524293E-1
1856	7.0621888323E-1	6.9328995842E-1
1857	7.0827978831E-1	6.9533488785E-1
1858	7.1041917952E-1	6.9746046593E-1
1859	7.1252260206E-1	6.9954971244E-1
1860	7.1459550063E-1	7.0160738687E-1
1861	7.1677660403E-1	7.0377412397E-1
1862	7.1891840464E-1	7.0589157364E-1
1863	7.2106715269E-1	7.080318097E-1
1864	7.2320984627E-1	7.1014931455E-1
1865	7.2539427049E-1	7.1231421562E-1
1866	7.2742912674E-1	7.1433475144E-1
1867	7.2961666187E-1	7.1652050928E-1
1868	7.3175551129E-1	7.1863554529E-1
1869	7.3376656761E-1	7.206354258E-1
1870	7.3596350707E-1	7.2281537199E-1
1871	7.3808240312E-1	7.2491516172E-1
1872	7.4023560091E-1	7.2705127919E-1
1873	7.425034441E-1	7.2930241315E-1
1874	7.4460845683E-1	7.3138064357E-1
1875	7.4671218545E-1	7.3345761663E-1
1876	7.4888432531E-1	7.3561557971E-1
1877	7.5110983915E-1	7.3782800964E-1
1878	7.5330516167E-1	7.4000847292E-1
1879	7.5546708139E-1	7.4215170597E-1
1880	7.5767370661E-1	7.4434908764E-1
1881	7.5986635994E-1	7.4651623042E-1
1882	7.6197335379E-1	7.4860750945E-1
1883	7.6414694373E-1	7.5075900591E-1
1884	7.6630216767E-1	7.5290176426E-1
1885	7.6840361553E-1	7.549866514E-1
1886	7.7067042997E-1	7.5724041268E-1
1887	7.7283150155E-1	7.5938997689E-1
1888	7.7510956093E-1	7.6164839449E-1
1889	7.7724706961E-1	7.6377215651E-1
1890	7.7933596334E-1	7.6584896811E-1
1891	7.8148384744E-1	7.6798567302E-1
1892	7.8366538559E-1	7.7015532576E-1
1893	7.8583799172E-1	7.72317576E-1
1894	7.8796258648E-1	7.7443688101E-1
1895	7.9017821283E-1	7.7664334518E-1
1896	7.9231486406E-1	7.7876840021E-1
1897	7.9449015125E-1	7.8093412657E-1
1898	7.9669396815E-1	7.8313397871E-1
1899	7.9890839128E-1	7.8532222193E-1
1900	8.0115892547E-1	7.8756519162E-1
1901	8.0341285427E-1	7.8981089652E-1
1902	8.0557219883E-1	7.9195949703E-1
1903	8.0777636166E-1	7.9415214039E-1
1904	8.098986351E-1	7.9627789218E-1
1905	8.1206387698E-1	7.984190892E-1
1906	8.1428731017E-1	8.0063469333E-1
1907	8.1640935552E-1	8.0275403178E-1
1908	8.1859727917E-1	8.0493983352E-1
1909	8.2066444897E-1	8.0699745548E-1
1910	8.2277202418E-1	8.0910113724E-1
1911	8.250043148E-1	8.1132658915E-1
1912	8.2708708245E-1	8.134018512E-1
1913	8.2917824795E-1	8.1549265693E-1
1914	8.3134914399E-1	8.1766372942E-1
1915	8.3339640562E-1	8.1970602759E-1
1916	8.3548575979E-1	8.2178595546E-1
1917	8.3754155503E-1	8.2383671106E-1
1918	8.3967365062E-1	8.259659713E-1
1919	8.4183933254E-1	8.2813229876E-1
1920	8.4401933119E-1	8.3031666354E-1
1921	8.4614067114E-1	8.3242994813E-1
1922	8.4821980906E-1	8.3450412551E-1
1923	8.5032211541E-1	8.3660107137E-1
1924	8.5243007035E-1	8.3872030546E-1
1925	8.5459495106E-1	8.4088194431E-1
1926	8.5659915073E-1	8.4288194991E-1
1927	8.5870713001E-1	8.4498672483E-1
1928	8.6082432652E-1	8.4709916708E-1
1929	8.6299755253E-1	8.4926564363E-1
1930	8.6509703111E-1	8.5134893285E-1
1931	8.6720372573E-1	8.5344926465E-1
1932	8.6931799288E-1	8.5555823265E-1
1933	8.7136455347E-1	8.5759779353E-1
1934	8.734895362E-1	8.5970352209E-1
1935	8.7566916549E-1	8.6188280046E-1
1936	8.7780213172E-1	8.640009601E-1
1937	8.799209433E-1	8.6610912372E-1
1938	8.8208148442E-1	8.6827034877E-1
1939	8.8421443056E-1	8.7040283883E-1
1940	8.8630019936E-1	8.7250181165E-1
1941	8.8839224845E-1	8.74606539E-1
1942	8.9051722101E-1	8.767390924E-1
1943	8.9274101462E-1	8.7896388486E-1
1944	8.9484229812E-1	8.8106442078E-1
1945	8.9696908135E-1	8.8319164968E-1
1946	8.9913206125E-1	8.8534187545E-1
1947	9.0126579955E-1	8.874880755E-1
1948	9.0336363605E-1	8.8958918284E-1
1949	9.0544822161E-1	8.9167325901E-1
1950	9.0765906376E-1	8.9388412713E-1
1951	9.098597305E-1	8.9608472261E-1
1952	9.1200525894E-1	8.9821120552E-1
1953	9.1412142915E-1	9.0032447644E-1
1954	9.1629642396E-1	9.0248632219E-1
1955	9.1843973761E-1	9.0462964398E-1
1956	9.2059549444E-1	9.067981216E-1
1957	9.2274787146E-1	9.0894744009E-1
1958	9.2486410843E-1	9.110705667E-1
1959	9.269416532E-1	9.131507536E-1
1960	9.2908336431E-1	9.1529276596E-1
1961	9.3113896073E-1	9.1734633495E-1
1962	9.3324777246E-1	9.1945180328E-1
1963	9.3538435376E-1	9.2159053369E-1
1964	9.3755541334E-1	9.2375884264E-1
1965	9.3963316112E-1	9.2583555317E-1
1966	9.4183557002E-1	9.2804197758E-1
1967	9.43985154E-1	9.3019735623E-1
1968	9.4608756012E-1	9.3229681233E-1
1969	9.4810344938E-1	9.3430147504E-1
1970	9.5027440376E-1	9.3647042689E-1
1971	9.524524059E-1	9.3863912754E-1
1972	9.544865935E-1	9.4067137611E-1
1973	9.5670832517E-1	9.4288750104E-1
1974	9.5888025431E-1	9.4507067049E-1
1975	9.6105346309E-1	9.4724148913E-1
1976	9.633156495E-1	9.495042801E-1
1977	9.6544103921E-1	9.516304752E-1
1978	9.6754862681E-1	9.5373055592E-1
1979	9.6973745835E-1	9.5592102157E-1
1980	9.7174923271E-1	9.5792556235E-1
1981	9.7393145255E-1	9.6010690007E-1
1982	9.7605245353E-1	9.6223019935E-1
1983	9.7826844042E-1	9.64446421E-1
1984	9.8029343458E-1	9.6647318651E-1
1985	9.8248955821E-1	9.6867310207E-1
1986	9.8471820714E-1	9.7090196314E-1
1987	9.8672222668E-1	9.7290780505E-1
1988	9.8878218998E-1	9.7496869881E-1
1989	9.9095935037E-1	9.7714324636E-1
1990	9.9316433512E-1	9.7935149974E-1
1991	9.9527989771E-1	9.8146615115E-1
1992	9.9741430676E-1	9.8359486399E-1
1993	9.996359683E-1	9.8581912251E-1
1994	1.0017580298E0	9.8794205782E-1
1995	1.0038769693E0	9.9005989071E-1
1996	1.0060089127E0	9.9220127576E-1
1997	1.0080979545E0	9.9429128424E-1
1998	1.0102415364E0	9.9643882888E-1
1999	1.0123492622E0	9.9855665989E-1
2000	1.0144615203E0	1.0006723097E0
2001	1.016626042E0	1.0028386829E0
2002	1.0187427392E0	1.0049625764E0
2003	1.0209450508E0	1.0071662756E0
2004	1.0230011127E0	1.0092177536E0
2005	1.0250563423E0	1.0112796632E0
2006	1.0271983012E0	1.0134240149E0
2007	1.0292391665E0	1.0154718567E0
2008	1.0313803707E0	1.0176153517E0
2009	1.0334501813E0	1.0196856732E0
2010	1.0355296672E0	1.0217666161E0
2011	1.0376302174E0	1.0238536096E0
2012	1.03971643E0	1.0259395088E0
2013	1.0417489754E0	1.0279552578E0
2014	1.0438311732E0	1.0300371049E0
2015	1.0459309455E0	1.0321455584E0
2016	1.0480247342E0	1.0342393688E0
2017	1.05017632E0	1.0363966253E0
2018	1.052249596E0	1.0384721476E0
2019	1.0543464643E0	1.040567966E0
2020	1.0564266484E0	1.0426498597E0
2021	1.05857299E0	1.0447984247E0
2022	1.0606568142E0	1.0468910638E0
2023	1.0626936958E0	1.0489298911E0
2024	1.0647456346E0	1.0509872978E0
2025	1.0667192651E0	1.0529574383E0
2026	1.0688225191E0	1.0550626786E0
2027	1.0708069375E0	1.0570464035E0
2028	1.0728625023E0	1.059100077E0
2029	1.0749435467E0	1.0611893844E0
2030	1.0770966722E0	1.063349837E0
2031	1.0791840787E0	1.0654396767E0
2032	1.0813134587E0	1.0675657688E0
2033	1.0834491167E0	1.0697035029E0
2034	1.0855624614E0	1.0718203111E0
2035	1.0876340104E0	1.073889069E0
2036	1.0896564285E0	1.0759134271E0
2037	1.0917718793E0	1.0780341467E0
2038	1.0937809829E0	1.0800467394E0
2039	1.0957178404E0	1.0819803315E0
2040	1.0978806629E0	1.0841433494E0
2041	1.0999381816E0	1.0862048413E0
2042	1.1019452206E0	1.0882142043E0
2043	1.1039546835E0	1.0902313916E0
2044	1.1059878181E0	1.0922639929E0
2045	1.1080219807E0	1.0943006415E0
2046	1.1101804696E0	1.0964621552E0
2047	1.1121592543E0	1.0984356004E0
2048	1.1143213003E0	1.1006000408E0
2049	1.1164766201E0	1.1027595634E0
2050	1.1184926491E0	1.1047760569E0
2051	1.1206295073E0	1.106915935E0
2052	1.1226465991E0	1.1089498785E0
2053	1.1246012594E0	1.110907842E0
2054	1.1267542842E0	1.1130637557E0
2055	1.1287450392E0	1.1150528445E0
2056	1.1308666847E0	1.117174522E0
2057	1.1329879909E0	1.1192997972E0
2058	1.1350800877E0	1.1213939095E0
2059	1.1371252607E0	1.1234398763E0
2060	1.1392546996E0	1.1255881944E0
2061	1.1413313563E0	1.1276698186E0
2062	1.143440379E0	1.1297765012E0
2063	1.1454887228E0	1.1318250384E0
2064	1.1475294149E0	1.1338644839E0
2065	1.1494742014E0	1.135810713E0
2066	1.1515203386E0	1.137858222E0
2067	1.1535957742E0	1.1399368353E0
2068	1.155783274E0	1.1421284196E0
2069	1.1579261906E0	1.144270698E0
2070	1.1599454294E0	1.1462900271E0
2071	1.1619720139E0	1.1483154085E0
2072	1.1640156886E0	1.1503665221E0
2073	1.1660932977E0	1.1524496831E0
2074	1.1681120162E0	1.1544705615E0
2075	1.1702060688E0	1.156566923E0
2076	1.1722147987E0	1.1585770859E0
2077	1.1742522915E0	1.1606267232E0
2078	1.1762980718E0	1.1626697112E0
2079	1.1783449084E0	1.1647239219E0
2080	1.1803365961E0	1.166715778E0
2081	1.1823493467E0	1.1687252831E0
2082	1.1844494785E0	1.1708291062E0
2083	1.1864508114E0	1.1728374889E0
2084	1.1884755653E0	1.1748548084E0
2085	1.1905105007E0	1.1768925086E0
2086	1.1924601243E0	1.1788476022E0
2087	1.1946003919E0	1.1809873212E0
2088	1.1967096802E0	1.1830949093E0
2089	1.1987801538E0	1.1851754298E0
2090	1.2007813152E0	1.1871787673E0
2091	1.2029190996E0	1.1893198397E0
2092	1.2049727287E0	1.1913791957E0
2093	1.2070179986E0	1.1934228092E0
2094	1.2090487221E0	1.1954568438E0
2095	1.2111360004E0	1.1975644088E0
2096	1.2131123742E0	1.1995431956E0
2097	1.2150269014E0	1.2014586514E0
2098	1.2170945858E0	1.2035302504E0
2099	1.2190336754E0	1.2054734179E0
2100	1.2210252604E0	1.2074673123E0
2101	1.2230766236E0	1.2095263124E0
2102	1.2250724514E0	1.21152579E0
2103	1.2271374196E0	1.2135905292E0
2104	1.229107455E0	1.2155628221E0
2105	1.2310584079E0	1.2175197932E0
2106	1.233086582E0	1.2195401853E0
2107	1.2351013671E0	1.2215602387E0
2108	1.2371354149E0	1.2235995294E0
2109	1.2392284355E0	1.2256905986E0
2110	1.2411614714E0	1.2276271404E0
2111	1.2432732414E0	1.2297402867E0
2112	1.2453564512E0	1.2318310383E0
2113	1.2474762416E0	1.2339511139E0
2114	1.2494486867E0	1.2359269688E0
2115	1.2514823946E0	1.2379579104E0
2116	1.2535672228E0	1.240041392E0
2117	1.2556520101E0	1.242130261E0
2118	1.2577097266E0	1.2441900905E0
2119	1.2597109994E0	1.2462054901E0
2120	1.2617733771E0	1.2482782759E0
2121	1.2637671184E0	1.2502754109E0
2122	1.2658079879E0	1.2523129815E0
2123	1.2677995596E0	1.2543036461E0
2124	1.2697030635E0	1.256204052E0
2125	1.2716749031E0	1.2581805197E0
2126	1.2737513516E0	1.2602694447E0
2127	1.2757773935E0	1.2623010621E0
2128	1.2778046809E0	1.2643391906E0
2129	1.2798116569E0	1.2663519763E0
2130	1.2818421942E0	1.2683807932E0
2131	1.2839561564E0	1.2704946405E0
2132	1.2860855131E0	1.2726345387E0
2133	1.2881264424E0	1.2746706803E0
2134	1.2902469831E0	1.2767914203E0
2135	1.2922630591E0	1.2788150196E0
2136	1.294256679E0	1.2808147704E0
2137	1.2962538469E0	1.2828158472E0
2138	1.2983244607E0	1.2848829669E0
2139	1.3004956998E0	1.2870540903E0
2140	1.3025807021E0	1.2891405148E0
2141	1.3046155676E0	1.2911757154E0
2142	1.3067152881E0	1.2932791251E0
2143	1.3086607456E0	1.2952332507E0
2144	1.3107674332E0	1.2973458241E0
2145	1.3127298583E0	1.2993058662E0
2146	1.3147027417E0	1.3012700472E0
2147	1.3167785406E0	1.3033538272E0
2148	1.3187485144E0	1.30532476E0
2149	1.3208158933E0	1.3073916395E0
2150	1.3227758516E0	1.3093533215E0
2151	1.3247675088E0	1.3113439787E0
2152	1.3268473875E0	1.3134173485E0
2153	1.3288782229E0	1.3154438533E0
2154	1.3308693669E0	1.3174360954E0
2155	1.3328268254E0	1.319395427E0
2156	1.3349261172E0	1.3214998589E0
2157	1.3369788254E0	1.32356443E0
2158	1.3390376343E0	1.3256312528E0
2159	1.3409696106E0	1.3275623039E0
2160	1.3429302886E0	1.3295321361E0
2161	1.3449702568E0	1.3315767211E0
2162	1.3469076575E0	1.3335172352E0
2163	1.348861421E0	1.3354662463E0
2164	1.3507567603E0	1.3373636508E0
2165	1.3527086565E0	1.3393144907E0
2166	1.3547706745E0	1.3413778264E0
2167	1.3567036095E0	1.3433140889E0
2168	1.358656835E0	1.345269589E0
2169	1.3606604305E0	1.3472727891E0
2170	1.3626418929E0	1.3492566176E0
2171	1.3646204702E0	1.3512380293E0
2172	1.3666754197E0	1.35330051E0
2173	1.3686836223E0	1.355317929E0
2174	1.3706795934E0	1.3573201351E0
2175	1.3728044967E0	1.3594463764E0
2176	1.3748254267E0	1.3614659942E0
2177	1.3768009784E0	1.3634443438E0
2178	1.3788523473E0	1.3654943895E0
2179	1.3809192692E0	1.3675667036E0
2180	1.3828775918E0	1.3695271162E0
2181	1.3849704635E0	1.371620932E0
2182	1.3870171544E0	1.373677078E0
2183	1.3890869992E0	1.3757557203E0
2184	1.3911155879E0	1.3777883747E0
2185	1.3930994713E0	1.3797763154E0
2186	1.3951833705E0	1.3818596287E0
2187	1.397256991E0	1.3839362343E0
2188	1.3992346321E0	1.3859202981E0
2189	1.4012073562E0	1.3879082135E0
2190	1.4032131215E0	1.3899217988E0
2191	1.405244407E0	1.3919595278E0
2192	1.4073184972E0	1.3940441099E0
2193	1.4093232951E0	1.3960517438E0
2194	1.4113566729E0	1.3980835031E0
2195	1.4133216467E0	1.4000574699E0
2196	1.4153453369E0	1.4020857375E0
2197	1.4173004765E0	1.4040463865E0
2198	1.4192808745E0	1.4060296192E0
2199	1.4213082494E0	1.4080615325E0
2200	1.4233193689E0	1.4100823709E0
2201	1.4252409118E0	1.4120113398E0
2202	1.4271904454E0	1.413977118E0
2203	1.4291552886E0	1.4159450712E0
2204	1.4311663472E0	1.4179517146E0
2205	1.4331357869E0	1.4199251438E0
2206	1.4351428108E0	1.4219350926E0
2207	1.4371979666E0	1.4239930965E0
2208	1.4392348286E0	1.4260296467E0
2209	1.4412770603E0	1.4280648115E0
2210	1.4432625852E0	1.4300531717E0
2211	1.4452536956E0	1.432039785E0
2212	1.4472695693E0	1.4340541164E0
2213	1.4492556209E0	1.4360396191E0
2214	1.4512091818E0	1.4379958007E0
2215	1.4531565339E0	1.4399336304E0
2216	1.4552106969E0	1.4419920866E0
2217	1.4571701953E0	1.4439527285E0
2218	1.4592134987E0	1.4460003191E0
2219	1.4611849458E0	1.4479748877E0
2220	1.4631781378E0	1.4499721342E0
2221	1.465183509E0	1.4519803381E0
2222	1.4671937705E0	1.4539936992E0
2223	1.4691127397E0	1.4559085641E0
2224	1.4710828276E0	1.4578818616E0
2225	1.4731565038E0	1.4599601103E0
2226	1.4751484099E0	1.461950716E0
2227	1.47708552E0	1.4638897888E0
2228	1.4791732742E0	1.4660363135E0
2229	1.4855436724E0	1.4728427195E0
2230	1.4945313538E0	1.4826273963E0
2231	1.5155016046E0	1.5051622142E0
2232	1.8178848739E0	1.8271698518E0

