0	6.1630095504E-3	6.1630095504E-3
1	6.3691297607E-3	6.3650716097E-3
2	6.6304649746E-3	6.6266091544E-3
3	6.9730795102E-3	6.9666408708E-3
4	7.1628394052E-3	7.1537441129E-3
5	7.4409155351E-3	7.4319032465E-3
6	7.6435488306E-3	7.6327071576E-3
7	7.8378253379E-3	7.8264665872E-3
8	7.9880151426E-3	7.9770725783E-3
9	8.155926542E-3	8.1452340945E-3
10	8.2702708095E-3	8.2601173553E-3
11	8.3446588596E-3	8.3335802335E-3
12	8.4081373162E-3	8.39798928E-3
13	8.4711820552E-3	8.4618239266E-3
14	8.5403249006E-3	8.5312232219E-3
15	8.5973324735E-3	8.5896222019E-3
16	8.6644442572E-3	8.6558447708E-3
17	8.7274093497E-3	8.7186544268E-3
18	8.7803763916E-3	8.7729633642E-3
19	8.8251480669E-3	8.8171902062E-3
20	8.8682109638E-3	8.8599169022E-3
21	8.9165286385E-3	8.9079333714E-3
22	8.958407934E-3	8.9509829968E-3
23	8.9852138756E-3	8.9780725034E-3
24	9.0166032365E-3	9.0102326439E-3
25	9.0495800954E-3	9.0428547085E-3
26	9.0807136618E-3	9.0750483485E-3
27	9.1070487732E-3	9.1010778886E-3
28	9.1496627125E-3	9.1426878562E-3
29	9.177100392E-3	9.169552979E-3
30	9.1985490789E-3	9.1901975441E-3
31	9.2338274099E-3	9.2258758249E-3
32	9.2525663214E-3	9.2450770947E-3
33	9.278719472E-3	9.2706809097E-3
34	9.3018290629E-3	9.2929904619E-3
35	9.3301770972E-3	9.3216066452E-3
36	9.3665551244E-3	9.3586309377E-3
37	9.4003959361E-3	9.3921227114E-3
38	9.4392243307E-3	9.4305495463E-3
39	9.4748578604E-3	9.4672364864E-3
40	9.4995127911E-3	9.4909767253E-3
41	9.5184971989E-3	9.5096075549E-3
42	9.5496925573E-3	9.5415339299E-3
43	9.5790187023E-3	9.5696669898E-3
44	9.6097858889E-3	9.5988363827E-3
45	9.637610192E-3	9.6264841447E-3
46	9.6512653193E-3	9.6404985357E-3
47	9.6800871961E-3	9.6694835941E-3
48	9.7151317621E-3	9.7050691462E-3
49	9.7385479364E-3	9.7296752607E-3
50	9.7594215851E-3	9.7506250445E-3
51	9.7733977799E-3	9.764166511E-3
52	9.78421029E-3	9.776086458E-3
53	9.7994898163E-3	9.7911370523E-3
54	9.828747025E-3	9.8204362877E-3
55	9.8466580355E-3	9.8388124475E-3
56	9.8589216051E-3	9.8508234108E-3
57	9.8836537564E-3	9.8762055049E-3
58	9.9081633669E-3	9.9009167897E-3
59	9.930746567E-3	9.9233392308E-3
60	9.9501232334E-3	9.942831812E-3
61	9.9708717784E-3	9.9638858903E-3
62	9.9944778165E-3	9.9876871215E-3
63	1.0018027594E-2	1.001008068E-2
64	1.0039304708E-2	1.0031867954E-2
65	1.0055474716E-2	1.0047788578E-2
66	1.0076428679E-2	1.0069157611E-2
67	1.0096851578E-2	1.0088654267E-2
68	1.0116316059E-2	1.0108563574E-2
69	1.0142166083E-2	1.0134308134E-2
70	1.0156216758E-2	1.0148142433E-2
71	1.0173102108E-2	1.0165845394E-2
72	1.0196652966E-2	1.0189340442E-2
73	1.0211768525E-2	1.0204345522E-2
74	1.0233604273E-2	1.0225824707E-2
75	1.0240569781E-2	1.0232023816E-2
76	1.0254146367E-2	1.0246389675E-2
77	1.0281104619E-2	1.0271803158E-2
78	1.0291348825E-2	1.0281867406E-2
79	1.029887073E-2	1.0289646532E-2
80	1.0322810496E-2	1.0313951518E-2
81	1.0342319042E-2	1.0333775353E-2
82	1.0360863499E-2	1.0351359087E-2
83	1.0381938392E-2	1.0371838758E-2
84	1.0398914718E-2	1.0388698137E-2
85	1.0414494717E-2	1.0403709144E-2
86	1.0440270305E-2	1.0429046136E-2
87	1.0453765457E-2	1.044150704E-2
88	1.047816908E-2	1.0465695913E-2
89	1.0506065286E-2	1.0491931662E-2
90	1.0520898344E-2	1.0505795051E-2
91	1.0539404135E-2	1.0524118865E-2
92	1.0554695462E-2	1.0539955167E-2
93	1.0562605419E-2	1.0547637814E-2
94	1.0583346355E-2	1.0568135617E-2
95	1.0599887839E-2	1.0584222068E-2
96	1.0620223267E-2	1.0605258839E-2
97	1.0635463608E-2	1.0619955063E-2
98	1.0655991758E-2	1.0640091848E-2
99	1.067159185E-2	1.0655598521E-2
100	1.0697381014E-2	1.0680722046E-2
101	1.0711801834E-2	1.0695158892E-2
102	1.0726704152E-2	1.0709817137E-2
103	1.0747233141E-2	1.0730767287E-2
104	1.0764025554E-2	1.0746706841E-2
105	1.0778621552E-2	1.0761416815E-2
106	1.0797066578E-2	1.0780407888E-2
107	1.081170365E-2	1.0795552478E-2
108	1.0827155617E-2	1.0809829788E-2
109	1.0846837432E-2	1.0828808367E-2
110	1.0859112931E-2	1.0839962794E-2
111	1.0875852938E-2	1.0857399673E-2
112	1.0890370028E-2	1.0871324146E-2
113	1.0902339043E-2	1.0883149074E-2
114	1.0918239195E-2	1.0898505774E-2
115	1.0943278023E-2	1.0923653212E-2
116	1.0962558586E-2	1.0941976194E-2
117	1.098035083E-2	1.0959543309E-2
118	1.0993274163E-2	1.0971962948E-2
119	1.1013326528E-2	1.0992076776E-2
120	1.102212463E-2	1.1000981413E-2
121	1.1041686154E-2	1.1020636602E-2
122	1.1060057066E-2	1.1039504087E-2
123	1.1073581317E-2	1.1052710553E-2
124	1.1084213436E-2	1.1063820264E-2
125	1.110207939E-2	1.1081803068E-2
126	1.1115578798E-2	1.1095585768E-2
127	1.1131034288E-2	1.1111035179E-2
128	1.114367998E-2	1.1124394339E-2
129	1.1165162003E-2	1.1146226796E-2
130	1.1183245523E-2	1.1164050152E-2
131	1.1193739123E-2	1.1175438578E-2
132	1.1212410748E-2	1.1194046473E-2
133	1.1225998841E-2	1.120748511E-2
134	1.1244595569E-2	1.122666531E-2
135	1.1258135686E-2	1.124051598E-2
136	1.1265966078E-2	1.1247270104E-2
137	1.1281350841E-2	1.1263550179E-2
138	1.1295979651E-2	1.127864208E-2
139	1.1319007396E-2	1.1299857067E-2
140	1.1333980905E-2	1.1314623023E-2
141	1.1351189309E-2	1.1331319481E-2
142	1.136768779E-2	1.1347835798E-2
143	1.1383039817E-2	1.136178642E-2
144	1.1403116701E-2	1.138040068E-2
145	1.1425362265E-2	1.1401338973E-2
146	1.1439281104E-2	1.1415775931E-2
147	1.1452901781E-2	1.1429294993E-2
148	1.1473348252E-2	1.1449730352E-2
149	1.1482541386E-2	1.1459116887E-2
150	1.1494190213E-2	1.1470604762E-2
151	1.1511190555E-2	1.1488495236E-2
152	1.1528473599E-2	1.1505868097E-2
153	1.1550534147E-2	1.1527293852E-2
154	1.1563944415E-2	1.1539481767E-2
155	1.1578467706E-2	1.1553258151E-2
156	1.1593633582E-2	1.1567578146E-2
157	1.1610544934E-2	1.1583860836E-2
158	1.1619227589E-2	1.1593112054E-2
159	1.1632778967E-2	1.1605991218E-2
160	1.1644243298E-2	1.1617901517E-2
161	1.1659234961E-2	1.1632633045E-2
162	1.1676160016E-2	1.1647595844E-2
163	1.1693762272E-2	1.1665572402E-2
164	1.1707343829E-2	1.1678902924E-2
165	1.1721503704E-2	1.1693231916E-2
166	1.1738991503E-2	1.1711048771E-2
167	1.174979857E-2	1.1721628307E-2
168	1.1765461636E-2	1.1737788702E-2
169	1.1779425264E-2	1.1750936565E-2
170	1.1791528757E-2	1.176422557E-2
171	1.1807237897E-2	1.1780183618E-2
172	1.1817531819E-2	1.1791114578E-2
173	1.1830306062E-2	1.1803624152E-2
174	1.1845004279E-2	1.1818947241E-2
175	1.1852605737E-2	1.1827641048E-2
176	1.1868713483E-2	1.1843767496E-2
177	1.1876267882E-2	1.1851780359E-2
178	1.1884372921E-2	1.1860545278E-2
179	1.189120077E-2	1.1867922173E-2
180	1.1904726522E-2	1.1881351333E-2
181	1.1912973413E-2	1.1890625443E-2
182	1.1932755699E-2	1.1910359986E-2
183	1.1942193235E-2	1.1919294814E-2
184	1.1956223558E-2	1.1931964588E-2
185	1.1968900392E-2	1.1944226804E-2
186	1.1982362013E-2	1.1958346368E-2
187	1.1997332705E-2	1.197183949E-2
188	1.2015970506E-2	1.1991635003E-2
189	1.2030165993E-2	1.200562763E-2
190	1.2045501817E-2	1.2021184112E-2
191	1.2060971347E-2	1.2037595044E-2
192	1.2072536523E-2	1.205050963E-2
193	1.2081994638E-2	1.2059400164E-2
194	1.2092382421E-2	1.2069235538E-2
195	1.2112007188E-2	1.20874639E-2
196	1.2127302975E-2	1.2103251446E-2
197	1.2146603941E-2	1.2122026069E-2
198	1.2162032477E-2	1.2137910177E-2
199	1.2180089152E-2	1.2155714222E-2
200	1.2190814858E-2	1.2165898747E-2
201	1.2204864674E-2	1.217886626E-2
202	1.22196043E-2	1.2193988558E-2
203	1.2239334446E-2	1.2212119148E-2
204	1.2250719035E-2	1.2223248394E-2
205	1.2261334518E-2	1.2233198921E-2
206	1.2276335895E-2	1.2247760352E-2
207	1.2293748383E-2	1.2264170764E-2
208	1.2303973592E-2	1.2273993449E-2
209	1.2316451999E-2	1.2286774734E-2
210	1.2325026196E-2	1.2295641698E-2
211	1.234138756E-2	1.2311590601E-2
212	1.236343689E-2	1.2333143503E-2
213	1.2374939247E-2	1.234521354E-2
214	1.2380603083E-2	1.2350795484E-2
215	1.2398521913E-2	1.2368097494E-2
216	1.2413383426E-2	1.2382149069E-2
217	1.242735215E-2	1.2395292674E-2
218	1.2446842352E-2	1.2415051887E-2
219	1.2460105925E-2	1.2426239725E-2
220	1.2465507273E-2	1.2431977713E-2
221	1.2476743791E-2	1.2441837652E-2
222	1.2497761071E-2	1.2461889565E-2
223	1.2515166032E-2	1.2479103579E-2
224	1.2527806255E-2	1.2492823254E-2
225	1.2539573396E-2	1.2503946975E-2
226	1.2552390903E-2	1.2516756763E-2
227	1.2566313811E-2	1.2531243876E-2
228	1.2572059361E-2	1.2539446471E-2
229	1.2582394517E-2	1.254969559E-2
230	1.2597926125E-2	1.2565896338E-2
231	1.2607301672E-2	1.257637307E-2
232	1.2621892762E-2	1.2590899797E-2
233	1.2633113301E-2	1.2602918035E-2
234	1.265154974E-2	1.2621701796E-2
235	1.2664723246E-2	1.2635019361E-2
236	1.2683003426E-2	1.2653300378E-2
237	1.2695679586E-2	1.2667572597E-2
238	1.2711564906E-2	1.2684845951E-2
239	1.2720799286E-2	1.2694461221E-2
240	1.2734971337E-2	1.2706778903E-2
241	1.2752089542E-2	1.2723623223E-2
242	1.2770370654E-2	1.2740617551E-2
243	1.2780137042E-2	1.275167918E-2
244	1.2795043973E-2	1.2766061745E-2
245	1.2808912318E-2	1.2781679285E-2
246	1.2823279765E-2	1.2795693904E-2
247	1.2834036455E-2	1.2807284717E-2
248	1.2847743511E-2	1.2821542586E-2
249	1.2863617822E-2	1.2836010932E-2
250	1.2877869132E-2	1.2851263498E-2
251	1.2893459404E-2	1.286715153E-2
252	1.2904061051E-2	1.2877469144E-2
253	1.2920353027E-2	1.2892324545E-2
254	1.2929583715E-2	1.2901015763E-2
255	1.295085203E-2	1.2922306305E-2
256	1.2963078678E-2	1.2934791349E-2
257	1.2973724992E-2	1.29461159E-2
258	1.2994150556E-2	1.2965657195E-2
259	1.3002010421E-2	1.2972495315E-2
260	1.3007162035E-2	1.297844283E-2
261	1.3022181493E-2	1.2992609236E-2
262	1.3032595618E-2	1.3004194787E-2
263	1.3039555662E-2	1.301043252E-2
264	1.3046810832E-2	1.3018674358E-2
265	1.3057807896E-2	1.3031084641E-2
266	1.307452696E-2	1.3047073682E-2
267	1.3090456141E-2	1.3061518744E-2
268	1.3103033908E-2	1.3072252648E-2
269	1.3116908144E-2	1.3086173055E-2
270	1.3131158672E-2	1.3099154471E-2
271	1.3138451796E-2	1.3106209529E-2
272	1.3154455724E-2	1.312207461E-2
273	1.3167643766E-2	1.3135774432E-2
274	1.317791689E-2	1.3144577292E-2
275	1.318577856E-2	1.3152451059E-2
276	1.3199358879E-2	1.3164618912E-2
277	1.320931551E-2	1.3176480403E-2
278	1.3225010397E-2	1.3191258967E-2
279	1.3240741941E-2	1.3208454103E-2
280	1.3256472173E-2	1.3223090387E-2
281	1.326949307E-2	1.323583535E-2
282	1.3286278392E-2	1.3251668258E-2
283	1.3298161333E-2	1.326402399E-2
284	1.3314474812E-2	1.3282214256E-2
285	1.3330946391E-2	1.329833E-2
286	1.3337816419E-2	1.3306189244E-2
287	1.3350331553E-2	1.332093211E-2
288	1.3359422498E-2	1.3330766295E-2
289	1.3372257449E-2	1.3343879764E-2
290	1.3391048062E-2	1.3361193094E-2
291	1.3408424145E-2	1.3378893066E-2
292	1.3421737059E-2	1.339208291E-2
293	1.3434457408E-2	1.3407374031E-2
294	1.3440815905E-2	1.3413872533E-2
295	1.3457448027E-2	1.3429546769E-2
296	1.3474004159E-2	1.3445160342E-2
297	1.3487068423E-2	1.3459583428E-2
298	1.349823894E-2	1.347090283E-2
299	1.3511658578E-2	1.3484258223E-2
300	1.3520964239E-2	1.3493367374E-2
301	1.3542303565E-2	1.3513295432E-2
302	1.3556327868E-2	1.3527289923E-2
303	1.3569615046E-2	1.3541033983E-2
304	1.3585813182E-2	1.355742181E-2
305	1.3598639166E-2	1.3568207352E-2
306	1.3613442571E-2	1.3582669962E-2
307	1.3627225423E-2	1.3595530237E-2
308	1.3636378273E-2	1.3605458172E-2
309	1.3647060285E-2	1.3615430805E-2
310	1.3657574685E-2	1.3626267325E-2
311	1.367119444E-2	1.3641131876E-2
312	1.3692239615E-2	1.3661833662E-2
313	1.3706059592E-2	1.3675844313E-2
314	1.3715848931E-2	1.3685470759E-2
315	1.3735287662E-2	1.3703676983E-2
316	1.3745829443E-2	1.3713244175E-2
317	1.3756261631E-2	1.3724960055E-2
318	1.3765906454E-2	1.3734283689E-2
319	1.3784974127E-2	1.3751664352E-2
320	1.3797699133E-2	1.3763595634E-2
321	1.3806575214E-2	1.3772750595E-2
322	1.3823144006E-2	1.3789542605E-2
323	1.3834720745E-2	1.3798443187E-2
324	1.3843086367E-2	1.3806710933E-2
325	1.3859811638E-2	1.3823439623E-2
326	1.3870416532E-2	1.3833566946E-2
327	1.3886825925E-2	1.3850699493E-2
328	1.3901095354E-2	1.3865223596E-2
329	1.3915240199E-2	1.3878677103E-2
330	1.3929593619E-2	1.3890875476E-2
331	1.3945528819E-2	1.3907976801E-2
332	1.3960210918E-2	1.3923215024E-2
333	1.3972816157E-2	1.3935777351E-2
334	1.3992029936E-2	1.3953255558E-2
335	1.400844091E-2	1.3969853599E-2
336	1.4020488712E-2	1.3981017886E-2
337	1.4037884559E-2	1.3997813403E-2
338	1.4051227846E-2	1.4010086468E-2
339	1.4060465232E-2	1.401915231E-2
340	1.4079446764E-2	1.4036902125E-2
341	1.408939174E-2	1.4047316184E-2
342	1.4106534234E-2	1.406647388E-2
343	1.4117374226E-2	1.4076974391E-2
344	1.4124563699E-2	1.4083796462E-2
345	1.4139529291E-2	1.4097740437E-2
346	1.4153110007E-2	1.4110892219E-2
347	1.4164595098E-2	1.412211108E-2
348	1.4176436577E-2	1.4135810468E-2
349	1.4188459886E-2	1.414622995E-2
350	1.4196939479E-2	1.4154793952E-2
351	1.4212585E-2	1.4170281715E-2
352	1.4223548542E-2	1.4181042013E-2
353	1.4236299042E-2	1.4192140336E-2
354	1.4248965343E-2	1.4206449307E-2
355	1.4261594783E-2	1.4219060604E-2
356	1.4279979453E-2	1.4237267035E-2
357	1.4293747977E-2	1.4251649388E-2
358	1.4301253576E-2	1.4259639583E-2
359	1.4320294036E-2	1.4278924501E-2
360	1.4330588016E-2	1.4290373246E-2
361	1.4342751718E-2	1.4304313957E-2
362	1.4354139853E-2	1.4316737603E-2
363	1.4368067724E-2	1.4331416516E-2
364	1.4376432532E-2	1.4341292249E-2
365	1.4385498344E-2	1.4350730992E-2
366	1.4400209517E-2	1.4364464485E-2
367	1.4416719682E-2	1.4380907763E-2
368	1.4428941903E-2	1.4392073367E-2
369	1.4446851517E-2	1.4408897043E-2
370	1.446333409E-2	1.4425133291E-2
371	1.4476516694E-2	1.4440200395E-2
372	1.4494069705E-2	1.4457964996E-2
373	1.4511138612E-2	1.4475013008E-2
374	1.452497681E-2	1.4488388974E-2
375	1.4533986342E-2	1.4497303679E-2
376	1.4545937214E-2	1.4509982775E-2
377	1.456084712E-2	1.4522824531E-2
378	1.4574257813E-2	1.4534463059E-2
379	1.4588946419E-2	1.454885614E-2
380	1.459606094E-2	1.455653135E-2
381	1.4610259407E-2	1.4570361597E-2
382	1.4623236159E-2	1.4583609452E-2
383	1.4642169902E-2	1.4602609134E-2
384	1.464859401E-2	1.4610692319E-2
385	1.4658979463E-2	1.4621050029E-2
386	1.4677242956E-2	1.4639356426E-2
387	1.4686625248E-2	1.4649179404E-2
388	1.4701655752E-2	1.4661868921E-2
389	1.4707890133E-2	1.4668586155E-2
390	1.472076437E-2	1.4681160782E-2
391	1.4733644071E-2	1.4694049172E-2
392	1.4742681231E-2	1.4701095612E-2
393	1.4753241705E-2	1.4712128005E-2
394	1.4759029143E-2	1.4718363342E-2
395	1.476555644E-2	1.4725913758E-2
396	1.477544394E-2	1.4735759773E-2
397	1.478641645E-2	1.4748891123E-2
398	1.479978861E-2	1.476348036E-2
399	1.4815529044E-2	1.478109409E-2
400	1.4824104504E-2	1.4792022825E-2
401	1.4837508926E-2	1.480492885E-2
402	1.4853791236E-2	1.4821675812E-2
403	1.4870078339E-2	1.483847766E-2
404	1.4884198544E-2	1.4852352627E-2
405	1.489406282E-2	1.4862474269E-2
406	1.4913365148E-2	1.4881288473E-2
407	1.4930867725E-2	1.4898199108E-2
408	1.494276649E-2	1.4910345059E-2
409	1.4953505615E-2	1.4921252044E-2
410	1.4971006511E-2	1.493757498E-2
411	1.4982375822E-2	1.4948951994E-2
412	1.4987761376E-2	1.4953563604E-2
413	1.4996897333E-2	1.4963384531E-2
414	1.5001967652E-2	1.4966742509E-2
415	1.5014544977E-2	1.4978770285E-2
416	1.5026209588E-2	1.4990816922E-2
417	1.5032172989E-2	1.4998430407E-2
418	1.504341515E-2	1.5008606933E-2
419	1.5054423138E-2	1.5019397669E-2
420	1.5068599132E-2	1.5033800155E-2
421	1.5081534819E-2	1.5046628604E-2
422	1.5097274888E-2	1.5063321488E-2
423	1.5108433085E-2	1.5074095827E-2
424	1.5123720121E-2	1.5089337491E-2
425	1.5134917131E-2	1.5099864792E-2
426	1.5147249206E-2	1.5110268492E-2
427	1.5162539611E-2	1.5126428666E-2
428	1.517259773E-2	1.5136960985E-2
429	1.5186686136E-2	1.5149797215E-2
430	1.5194499078E-2	1.5156431649E-2
431	1.5206522238E-2	1.5169393469E-2
432	1.5217074222E-2	1.5179080837E-2
433	1.5232005023E-2	1.5195250319E-2
434	1.5245778971E-2	1.5209461412E-2
435	1.5257928157E-2	1.5221888452E-2
436	1.5268989191E-2	1.5231767686E-2
437	1.5281293271E-2	1.5243025911E-2
438	1.5287016906E-2	1.5247993875E-2
439	1.5292795087E-2	1.5254088844E-2
440	1.5306480825E-2	1.5268048949E-2
441	1.531845636E-2	1.5281637319E-2
442	1.5326462903E-2	1.5289750894E-2
443	1.5339583008E-2	1.5303580003E-2
444	1.5355602725E-2	1.5319858704E-2
445	1.5372187918E-2	1.5336356458E-2
446	1.5389301238E-2	1.5353438E-2
447	1.5401457887E-2	1.5365239651E-2
448	1.5408427633E-2	1.5372602579E-2
449	1.5417108946E-2	1.5379016152E-2
450	1.5428982524E-2	1.5390819407E-2
451	1.5437925651E-2	1.5397506442E-2
452	1.5459157E-2	1.5419398314E-2
453	1.5464668356E-2	1.5426244903E-2
454	1.5471706001E-2	1.5434667851E-2
455	1.5484949287E-2	1.5447570072E-2
456	1.5500369947E-2	1.5463446928E-2
457	1.5515499042E-2	1.5478707942E-2
458	1.5531579172E-2	1.5493541584E-2
459	1.5543216975E-2	1.5504027448E-2
460	1.5555404289E-2	1.5514553512E-2
461	1.5572392348E-2	1.5530926854E-2
462	1.5584096904E-2	1.5541818143E-2
463	1.5597076978E-2	1.5553682788E-2
464	1.5610862153E-2	1.5566651839E-2
465	1.561990093E-2	1.5576114051E-2
466	1.5634448544E-2	1.5591352288E-2
467	1.5645865807E-2	1.560218837E-2
468	1.565867285E-2	1.5615162705E-2
469	1.5676727638E-2	1.5632571124E-2
470	1.5690716596E-2	1.5648234209E-2
471	1.5700839436E-2	1.565788521E-2
472	1.5712783142E-2	1.5670133887E-2
473	1.5726342634E-2	1.5684432687E-2
474	1.5740426166E-2	1.5697556977E-2
475	1.5756224567E-2	1.5712924456E-2
476	1.5769029877E-2	1.5725937603E-2
477	1.577632944E-2	1.5732670011E-2
478	1.5785812547E-2	1.574256162E-2
479	1.5798695852E-2	1.5755749284E-2
480	1.5809367389E-2	1.5765987722E-2
481	1.5821938221E-2	1.5778450752E-2
482	1.5830288921E-2	1.5785600146E-2
483	1.5851080414E-2	1.5805324145E-2
484	1.586524591E-2	1.5819102423E-2
485	1.586994482E-2	1.5824539013E-2
486	1.5877818108E-2	1.5833783288E-2
487	1.5894549013E-2	1.5850813551E-2
488	1.5902470377E-2	1.5859524869E-2
489	1.5916847118E-2	1.5873895436E-2
490	1.5933876663E-2	1.5889658866E-2
491	1.5944827006E-2	1.5901043892E-2
492	1.5958255275E-2	1.5913796549E-2
493	1.5968337603E-2	1.5923053245E-2
494	1.597773861E-2	1.5931587688E-2
495	1.5994693753E-2	1.5948300861E-2
496	1.6011299591E-2	1.5965143646E-2
497	1.6018346806E-2	1.5972434423E-2
498	1.6027125547E-2	1.5981844025E-2
499	1.6039314149E-2	1.5991953433E-2
500	1.6054642383E-2	1.6007694965E-2
501	1.6062717875E-2	1.6015372343E-2
502	1.6067795939E-2	1.6019918014E-2
503	1.6079295938E-2	1.60314504E-2
504	1.60877123E-2	1.6040658987E-2
505	1.6097698972E-2	1.6050385094E-2
506	1.6108952323E-2	1.6061874129E-2
507	1.6117999186E-2	1.6070467588E-2
508	1.6135126472E-2	1.6088388684E-2
509	1.6150288561E-2	1.6103450714E-2
510	1.6160896449E-2	1.6113386129E-2
511	1.6176305555E-2	1.6128992461E-2
512	1.6188882313E-2	1.6141051008E-2
513	1.6204336814E-2	1.6157358066E-2
514	1.6216714485E-2	1.617043779E-2
515	1.6231151495E-2	1.6185137866E-2
516	1.6245680491E-2	1.6199658545E-2
517	1.6256137956E-2	1.620919E-2
518	1.6269789869E-2	1.6222319606E-2
519	1.6283967696E-2	1.6237157271E-2
520	1.6294033639E-2	1.6248746914E-2
521	1.6301641023E-2	1.6256807015E-2
522	1.6317120026E-2	1.6272082561E-2
523	1.6329850232E-2	1.6286176271E-2
524	1.6347301855E-2	1.6303071972E-2
525	1.6358175282E-2	1.631291539E-2
526	1.6369505409E-2	1.6324648452E-2
527	1.6380424221E-2	1.633586952E-2
528	1.6392644391E-2	1.6348449293E-2
529	1.6404212306E-2	1.63609767E-2
530	1.6420093815E-2	1.6376531018E-2
531	1.6431615381E-2	1.6387361521E-2
532	1.6448349398E-2	1.6402612306E-2
533	1.6458625867E-2	1.6411343138E-2
534	1.6475959298E-2	1.6428963922E-2
535	1.6485607306E-2	1.6437720405E-2
536	1.6496873229E-2	1.6449685874E-2
537	1.6506487232E-2	1.6459328018E-2
538	1.6516944293E-2	1.6469115871E-2
539	1.6528134093E-2	1.6480078652E-2
540	1.654064342E-2	1.649213252E-2
541	1.6558707429E-2	1.6510801039E-2
542	1.6569183207E-2	1.6523087717E-2
543	1.6578419848E-2	1.6531510371E-2
544	1.6587805278E-2	1.6541331926E-2
545	1.6599900906E-2	1.6553759116E-2
546	1.6615125847E-2	1.6568374574E-2
547	1.6630200714E-2	1.6582116152E-2
548	1.6643450307E-2	1.6595324727E-2
549	1.6651977004E-2	1.6605219265E-2
550	1.6658898836E-2	1.6610390077E-2
551	1.6670791201E-2	1.6621232767E-2
552	1.6686797384E-2	1.6638414934E-2
553	1.6697577703E-2	1.6649329881E-2
554	1.6705203815E-2	1.6655857073E-2
555	1.6715127297E-2	1.6665208519E-2
556	1.6727569716E-2	1.667790434E-2
557	1.6739573253E-2	1.6689978244E-2
558	1.6749570202E-2	1.6700770692E-2
559	1.6764611088E-2	1.6715009812E-2
560	1.6776438581E-2	1.6727596415E-2
561	1.6782754972E-2	1.6733393773E-2
562	1.6793397489E-2	1.6743344219E-2
563	1.6799092894E-2	1.6749687419E-2
564	1.6813170783E-2	1.6762968E-2
565	1.6822032721E-2	1.6772281843E-2
566	1.683507076E-2	1.6786085487E-2
567	1.684588617E-2	1.6796831464E-2
568	1.6854388104E-2	1.6806071638E-2
569	1.6864174942E-2	1.6816585958E-2
570	1.687569295E-2	1.6827232443E-2
571	1.6896642573E-2	1.6848145592E-2
572	1.6909606414E-2	1.6861011899E-2
573	1.6922378583E-2	1.687440802E-2
574	1.6929343923E-2	1.6883500078E-2
575	1.6939661062E-2	1.6895214289E-2
576	1.6951538864E-2	1.690708139E-2
577	1.696828819E-2	1.6922371887E-2
578	1.6974955285E-2	1.6929356814E-2
579	1.6986631726E-2	1.693930285E-2
580	1.7002983718E-2	1.6956643027E-2
581	1.7011375734E-2	1.6965214708E-2
582	1.7024361849E-2	1.6976964399E-2
583	1.7030121333E-2	1.6982272328E-2
584	1.7043918218E-2	1.6994107837E-2
585	1.7061289323E-2	1.7011412119E-2
586	1.7075033752E-2	1.7025098254E-2
587	1.7086980962E-2	1.7036596402E-2
588	1.7104924643E-2	1.7054488443E-2
589	1.7117313274E-2	1.7066061169E-2
590	1.7133388896E-2	1.7081226631E-2
591	1.7148040879E-2	1.7096223158E-2
592	1.716330843E-2	1.7112554559E-2
593	1.7175294923E-2	1.7124888084E-2
594	1.7184311739E-2	1.7135167423E-2
595	1.719619355E-2	1.7146277073E-2
596	1.7209797988E-2	1.7160415794E-2
597	1.7226601907E-2	1.7177498537E-2
598	1.723819075E-2	1.7188549608E-2
599	1.7251516491E-2	1.720040158E-2
600	1.7264141674E-2	1.7213968679E-2
601	1.7280239014E-2	1.7229983056E-2
602	1.729030781E-2	1.7239728543E-2
603	1.7307086399E-2	1.7256308337E-2
604	1.7327557494E-2	1.7276722596E-2
605	1.7342456751E-2	1.7292006813E-2
606	1.7359040831E-2	1.7307958924E-2
607	1.7371629774E-2	1.7320258564E-2
608	1.7382528132E-2	1.7330156198E-2
609	1.7396289329E-2	1.7343332758E-2
610	1.7408471817E-2	1.7356336429E-2
611	1.7421094519E-2	1.7369126553E-2
612	1.7439146723E-2	1.7387582615E-2
613	1.7448817996E-2	1.7397180053E-2
614	1.7459747498E-2	1.7408377426E-2
615	1.7467726449E-2	1.7416288718E-2
616	1.7481074765E-2	1.7428601072E-2
617	1.7497052063E-2	1.7443275623E-2
618	1.7505292245E-2	1.745194883E-2
619	1.752232672E-2	1.7469313582E-2
620	1.7535845077E-2	1.7483272389E-2
621	1.7545609639E-2	1.7492759478E-2
622	1.755946761E-2	1.7506195717E-2
623	1.7572556073E-2	1.7518313602E-2
624	1.7586101318E-2	1.7532249023E-2
625	1.7595412237E-2	1.7541268457E-2
626	1.7605265251E-2	1.7550799966E-2
627	1.7613567855E-2	1.7557350206E-2
628	1.7624979724E-2	1.7569244492E-2
629	1.7635083221E-2	1.7579499889E-2
630	1.7645234691E-2	1.7589068454E-2
631	1.7658160115E-2	1.7602619043E-2
632	1.7672366836E-2	1.7616207354E-2
633	1.7683031203E-2	1.7627801222E-2
634	1.7698871565E-2	1.7642859625E-2
635	1.7707387113E-2	1.7652146428E-2
636	1.7719094497E-2	1.7663069183E-2
637	1.7730968558E-2	1.7674555466E-2
638	1.7739678758E-2	1.7683033981E-2
639	1.7753329544E-2	1.769557182E-2
640	1.7767045486E-2	1.7707734156E-2
641	1.7773557399E-2	1.77146691E-2
642	1.778093878E-2	1.772133446E-2
643	1.779540229E-2	1.7735612854E-2
644	1.7803795887E-2	1.7743589832E-2
645	1.7818213418E-2	1.7757929086E-2
646	1.7830376729E-2	1.7769813998E-2
647	1.7839930847E-2	1.7779038189E-2
648	1.7847325761E-2	1.7787585809E-2
649	1.7860243688E-2	1.7800518651E-2
650	1.7871353232E-2	1.7811598048E-2
651	1.7887904937E-2	1.7827570375E-2
652	1.7894176959E-2	1.7834875768E-2
653	1.7903860694E-2	1.7845042399E-2
654	1.7917046661E-2	1.7858846683E-2
655	1.7929897908E-2	1.7871269734E-2
656	1.7943674581E-2	1.7885472232E-2
657	1.7958230862E-2	1.7900487443E-2
658	1.7975902931E-2	1.7916649987E-2
659	1.7987850424E-2	1.7928436735E-2
660	1.8003706192E-2	1.7944861237E-2
661	1.8010027081E-2	1.7950693054E-2
662	1.802032181E-2	1.7961460997E-2
663	1.8033682589E-2	1.7974675479E-2
664	1.804327749E-2	1.7984792289E-2
665	1.8055530189E-2	1.7998090781E-2
666	1.8070893081E-2	1.8014252907E-2
667	1.8086902341E-2	1.8030653924E-2
668	1.8105362072E-2	1.8046871108E-2
669	1.8114697956E-2	1.8055181959E-2
670	1.8122248002E-2	1.8061973148E-2
671	1.8131843989E-2	1.807273556E-2
672	1.8139408905E-2	1.8080065854E-2
673	1.8154970055E-2	1.8095666722E-2
674	1.8166004479E-2	1.8106641248E-2
675	1.8177890977E-2	1.8118122598E-2
676	1.819005938E-2	1.8128269058E-2
677	1.8206648558E-2	1.8144120371E-2
678	1.8221086529E-2	1.8158771047E-2
679	1.8233395273E-2	1.8171278089E-2
680	1.8243377075E-2	1.8181437361E-2
681	1.82523389E-2	1.8190177269E-2
682	1.8260999782E-2	1.8198427747E-2
683	1.8270867946E-2	1.8207515953E-2
684	1.8276209606E-2	1.8213192321E-2
685	1.8291064403E-2	1.822712756E-2
686	1.8302512613E-2	1.8238944959E-2
687	1.8309839457E-2	1.8246680637E-2
688	1.8318011097E-2	1.8255741932E-2
689	1.8330282822E-2	1.8268484171E-2
690	1.8344457976E-2	1.8282106671E-2
691	1.8360315107E-2	1.8297197218E-2
692	1.8376681154E-2	1.8312811751E-2
693	1.8393629093E-2	1.8327387569E-2
694	1.8404090583E-2	1.8338089637E-2
695	1.8413925697E-2	1.8349142614E-2
696	1.8430748822E-2	1.8365341055E-2
697	1.8443823799E-2	1.8379230852E-2
698	1.8452441643E-2	1.8387844132E-2
699	1.8461684096E-2	1.8397208272E-2
700	1.8472161006E-2	1.8407943506E-2
701	1.8483989591E-2	1.8420500366E-2
702	1.8492953242E-2	1.8428541808E-2
703	1.8505674982E-2	1.8441466963E-2
704	1.8518196679E-2	1.8452443515E-2
705	1.852837481E-2	1.8463208965E-2
706	1.8540535851E-2	1.8474113677E-2
707	1.855132359E-2	1.8484032228E-2
708	1.856529801E-2	1.8499524591E-2
709	1.857938441E-2	1.8513892567E-2
710	1.859301897E-2	1.8529101929E-2
711	1.8604097982E-2	1.8539954977E-2
712	1.8614417326E-2	1.8549194238E-2
713	1.8630893716E-2	1.8565876557E-2
714	1.8639303452E-2	1.8574255654E-2
715	1.8652236742E-2	1.8586190584E-2
716	1.8666670274E-2	1.8600248987E-2
717	1.8678880047E-2	1.861064879E-2
718	1.8685855266E-2	1.861861164E-2
719	1.8694013288E-2	1.862689677E-2
720	1.8710289378E-2	1.8642761676E-2
721	1.8717367492E-2	1.8650512125E-2
722	1.8722424174E-2	1.8655398189E-2
723	1.873562538E-2	1.8668524607E-2
724	1.8750039557E-2	1.868257878E-2
725	1.8764914094E-2	1.8697324254E-2
726	1.8771663396E-2	1.8704210639E-2
727	1.8781490988E-2	1.8713714379E-2
728	1.8794224339E-2	1.8727523938E-2
729	1.8809598755E-2	1.8743254365E-2
730	1.8815493012E-2	1.8749187081E-2
731	1.8826162493E-2	1.8760161578E-2
732	1.8845159898E-2	1.8778894294E-2
733	1.8854157388E-2	1.8787888103E-2
734	1.8863239852E-2	1.8797268692E-2
735	1.8871036023E-2	1.8805155908E-2
736	1.8883965412E-2	1.8817834242E-2
737	1.8890245891E-2	1.8825776654E-2
738	1.8903696468E-2	1.8839070549E-2
739	1.8916465921E-2	1.8850987295E-2
740	1.8932417519E-2	1.8867242399E-2
741	1.8938775047E-2	1.8873611989E-2
742	1.895234458E-2	1.888750812E-2
743	1.8957614326E-2	1.8892719392E-2
744	1.8967353925E-2	1.8901616459E-2
745	1.8978854255E-2	1.8913024536E-2
746	1.8992263104E-2	1.8925675571E-2
747	1.9004611868E-2	1.893850701E-2
748	1.9022044249E-2	1.8954911333E-2
749	1.9030537596E-2	1.8963794533E-2
750	1.9043386785E-2	1.8975110766E-2
751	1.9059432968E-2	1.8991277233E-2
752	1.9071332027E-2	1.9002379436E-2
753	1.9081669954E-2	1.9013865023E-2
754	1.9097199144E-2	1.9029339773E-2
755	1.9113389329E-2	1.9045353516E-2
756	1.9128918281E-2	1.9060076996E-2
757	1.9140073694E-2	1.9071135154E-2
758	1.9152023743E-2	1.9083026993E-2
759	1.9162501454E-2	1.9094157301E-2
760	1.9176327101E-2	1.9107336544E-2
761	1.9190527318E-2	1.9120542196E-2
762	1.9204135452E-2	1.9132514073E-2
763	1.9220449848E-2	1.9149203914E-2
764	1.9228208115E-2	1.9155784569E-2
765	1.9241281679E-2	1.9169325519E-2
766	1.9253348124E-2	1.9181495169E-2
767	1.9262538925E-2	1.9191958052E-2
768	1.9282706392E-2	1.9211119483E-2
769	1.9292872965E-2	1.9219626104E-2
770	1.9303380224E-2	1.9230539671E-2
771	1.9312968562E-2	1.9238978174E-2
772	1.932196667E-2	1.9247639323E-2
773	1.9334607026E-2	1.9259230266E-2
774	1.9348593381E-2	1.9273330226E-2
775	1.9364142724E-2	1.9287332913E-2
776	1.9378818411E-2	1.9301194435E-2
777	1.9388040385E-2	1.9310412954E-2
778	1.9401040156E-2	1.9322354807E-2
779	1.9415135165E-2	1.9336958996E-2
780	1.943479203E-2	1.9356227523E-2
781	1.9445058645E-2	1.936606761E-2
782	1.9458258301E-2	1.9380573362E-2
783	1.9466734254E-2	1.9389261648E-2
784	1.9475670712E-2	1.9399324877E-2
785	1.9485729211E-2	1.9409245047E-2
786	1.95006074E-2	1.9424442813E-2
787	1.951151382E-2	1.9435748517E-2
788	1.9520024964E-2	1.9444138547E-2
789	1.9532857469E-2	1.9457802787E-2
790	1.9548402589E-2	1.9473506463E-2
791	1.9563757647E-2	1.9488344693E-2
792	1.9577915226E-2	1.9502911443E-2
793	1.9594114297E-2	1.9519605963E-2
794	1.9609000134E-2	1.9534647096E-2
795	1.961905151E-2	1.9544776116E-2
796	1.9625424939E-2	1.9551419087E-2
797	1.963753684E-2	1.9563115354E-2
798	1.9647822891E-2	1.9573487495E-2
799	1.966382327E-2	1.9589575045E-2
800	1.9675461527E-2	1.9600406751E-2
801	1.9684512802E-2	1.9609415709E-2
802	1.9694660775E-2	1.9621517496E-2
803	1.9702807892E-2	1.9630340143E-2
804	1.9715376931E-2	1.9643390733E-2
805	1.9726101258E-2	1.9654913858E-2
806	1.9738274437E-2	1.9666470961E-2
807	1.9748042833E-2	1.9676302959E-2
808	1.975894416E-2	1.9686121692E-2
809	1.9767881474E-2	1.9694760716E-2
810	1.9776276927E-2	1.9704487053E-2
811	1.9789954168E-2	1.9717453341E-2
812	1.9801924359E-2	1.9728483439E-2
813	1.9814581144E-2	1.9742212685E-2
814	1.9823034538E-2	1.9750491974E-2
815	1.9837909033E-2	1.9763373261E-2
816	1.9848884728E-2	1.9774878772E-2
817	1.9853987769E-2	1.9779105153E-2
818	1.9863470306E-2	1.9788821691E-2
819	1.9880454194E-2	1.980573245E-2
820	1.9896436883E-2	1.9822106777E-2
821	1.9909125096E-2	1.9834551041E-2
822	1.9924650944E-2	1.9850318544E-2
823	1.9937619544E-2	1.9863571783E-2
824	1.9948568484E-2	1.9875762918E-2
825	1.9958682891E-2	1.9886149033E-2
826	1.9970064359E-2	1.989789118E-2
827	1.9982954253E-2	1.9910184176E-2
828	1.9996221493E-2	1.9923808123E-2
829	2.0013026081E-2	1.9940853276E-2
830	2.0019897099E-2	1.9947503528E-2
831	2.0029742762E-2	1.9956889035E-2
832	2.0045460658E-2	1.9971239842E-2
833	2.0053652996E-2	1.9979690752E-2
834	2.0065039837E-2	1.9990968519E-2
835	2.0079357729E-2	2.0006791072E-2
836	2.0092996975E-2	2.0020708371E-2
837	2.0104959446E-2	2.0032680933E-2
838	2.0121670505E-2	2.0049860089E-2
839	2.0134747703E-2	2.0063079718E-2
840	2.0146018949E-2	2.0074251489E-2
841	2.0159889975E-2	2.0089258219E-2
842	2.0169982783E-2	2.00986097E-2
843	2.0185333601E-2	2.0114168804E-2
844	2.0196474268E-2	2.0125164783E-2
845	2.0206268845E-2	2.0135435299E-2
846	2.0214860115E-2	2.0144925817E-2
847	2.02228523E-2	2.0153028208E-2
848	2.0237816674E-2	2.0167613246E-2
849	2.0247631254E-2	2.0176553205E-2
850	2.0261147509E-2	2.0189893591E-2
851	2.0269994072E-2	2.0198567241E-2
852	2.0282070117E-2	2.0211404056E-2
853	2.0290448369E-2	2.0219130953E-2
854	2.0300025387E-2	2.0228400927E-2
855	2.0311443484E-2	2.0240229954E-2
856	2.0321215476E-2	2.0249824594E-2
857	2.0332967148E-2	2.0261170243E-2
858	2.034311874E-2	2.027184074E-2
859	2.0357034985E-2	2.0284754466E-2
860	2.0362853572E-2	2.0290723378E-2
861	2.0375117994E-2	2.030341812E-2
862	2.0385490995E-2	2.0314129588E-2
863	2.0400246483E-2	2.0328514139E-2
864	2.0414535671E-2	2.0343611839E-2
865	2.0426258787E-2	2.0355070966E-2
866	2.0437297683E-2	2.0367512707E-2
867	2.0447339881E-2	2.0378549224E-2
868	2.0461974271E-2	2.03929475E-2
869	2.0484535451E-2	2.0414836403E-2
870	2.0493893411E-2	2.0424520909E-2
871	2.0502249033E-2	2.0431447053E-2
872	2.0515961697E-2	2.0444228637E-2
873	2.0527727935E-2	2.0456407794E-2
874	2.0541003669E-2	2.046934531E-2
875	2.0553851765E-2	2.0483109124E-2
876	2.0564402247E-2	2.0492366936E-2
877	2.0582749975E-2	2.0510272965E-2
878	2.0594723903E-2	2.0521234482E-2
879	2.0604771066E-2	2.0532580135E-2
880	2.0619362449E-2	2.0546395815E-2
881	2.0632500236E-2	2.0559217901E-2
882	2.0642799147E-2	2.0570705939E-2
883	2.0654677947E-2	2.0581265041E-2
884	2.0665708348E-2	2.0594267078E-2
885	2.0675447277E-2	2.0604357858E-2
886	2.0683140971E-2	2.0611612436E-2
887	2.06908227E-2	2.0619797423E-2
888	2.0701952719E-2	2.062958934E-2
889	2.0717769196E-2	2.0645642921E-2
890	2.0729036255E-2	2.0656459095E-2
891	2.0737896134E-2	2.066595246E-2
892	2.07537728E-2	2.0681637031E-2
893	2.0764673289E-2	2.0692710031E-2
894	2.0776478456E-2	2.0704250733E-2
895	2.07912888E-2	2.0719545703E-2
896	2.0807516304E-2	2.0734627021E-2
897	2.0819797556E-2	2.0746163608E-2
898	2.0830458363E-2	2.0754966749E-2
899	2.0841570922E-2	2.0766449005E-2
900	2.085695492E-2	2.0781925201E-2
901	2.0864673892E-2	2.0789052199E-2
902	2.0876654407E-2	2.0800208533E-2
903	2.089013173E-2	2.0814672962E-2
904	2.0902557753E-2	2.0826392411E-2
905	2.0915762211E-2	2.0837768122E-2
906	2.0928567728E-2	2.0850622368E-2
907	2.093749809E-2	2.086127202E-2
908	2.0945060393E-2	2.0868587927E-2
909	2.0958521822E-2	2.0881432902E-2
910	2.0974780723E-2	2.0896850718E-2
911	2.0992194007E-2	2.0914070945E-2
912	2.1005395624E-2	2.0927508737E-2
913	2.1014797138E-2	2.0936666307E-2
914	2.1027187026E-2	2.0948490744E-2
915	2.1039294649E-2	2.0960610337E-2
916	2.1053390127E-2	2.0975103651E-2
917	2.1069363825E-2	2.09907262E-2
918	2.107703841E-2	2.0998762496E-2
919	2.108852912E-2	2.1010793569E-2
920	2.1100077352E-2	2.1020642141E-2
921	2.1106169933E-2	2.1026969396E-2
922	2.111674244E-2	2.1037984914E-2
923	2.1126250004E-2	2.1048073558E-2
924	2.1134766026E-2	2.1056288084E-2
925	2.1145729289E-2	2.1067071943E-2
926	2.1157234104E-2	2.1078379399E-2
927	2.1169880657E-2	2.109156499E-2
928	2.1178618167E-2	2.1100311767E-2
929	2.1187910937E-2	2.1108834313E-2
930	2.1200505309E-2	2.1121462933E-2
931	2.1208937517E-2	2.1131519577E-2
932	2.1218098549E-2	2.1140361533E-2
933	2.123196289E-2	2.1153387009E-2
934	2.1245290356E-2	2.1167076562E-2
935	2.1256462266E-2	2.117835078E-2
936	2.126774662E-2	2.1188271923E-2
937	2.1280861042E-2	2.1200703006E-2
938	2.1291478161E-2	2.1212245774E-2
939	2.1309220462E-2	2.1230836438E-2
940	2.1319407456E-2	2.124108039E-2
941	2.13301407E-2	2.1250308389E-2
942	2.13357467E-2	2.1254795368E-2
943	2.1355147199E-2	2.1273658505E-2
944	2.136895682E-2	2.1287910625E-2
945	2.1381476372E-2	2.1299986051E-2
946	2.1392554929E-2	2.1311453791E-2
947	2.140272104E-2	2.1321778961E-2
948	2.1415095896E-2	2.1335076548E-2
949	2.1422935047E-2	2.1343096516E-2
950	2.1432359493E-2	2.135278393E-2
951	2.1440870673E-2	2.1361037282E-2
952	2.1451745355E-2	2.1372608513E-2
953	2.146493057E-2	2.138519604E-2
954	2.1480443098E-2	2.1401212331E-2
955	2.1492264686E-2	2.1412967092E-2
956	2.1499589554E-2	2.1420690383E-2
957	2.151271801E-2	2.1433550925E-2
958	2.1529389665E-2	2.1447595099E-2
959	2.1532515303E-2	2.1450778207E-2
960	2.1543941261E-2	2.1461608431E-2
961	2.1552754279E-2	2.1470613523E-2
962	2.1560927773E-2	2.1479958913E-2
963	2.1578417128E-2	2.1497493044E-2
964	2.1591763744E-2	2.1510526278E-2
965	2.1602086014E-2	2.1520473043E-2
966	2.161471871E-2	2.1533280109E-2
967	2.1628340874E-2	2.1547214422E-2
968	2.1642626828E-2	2.1561138837E-2
969	2.1658705747E-2	2.1577393883E-2
970	2.1670913231E-2	2.1590551727E-2
971	2.1684441722E-2	2.1603580362E-2
972	2.1697420476E-2	2.1617042484E-2
973	2.1710207712E-2	2.1629957467E-2
974	2.1727370062E-2	2.164740202E-2
975	2.1739644507E-2	2.1658864078E-2
976	2.1749662417E-2	2.1668926418E-2
977	2.1758453042E-2	2.1679252597E-2
978	2.1775835177E-2	2.1696234619E-2
979	2.1789672138E-2	2.1710769412E-2
980	2.1801316758E-2	2.1722881502E-2
981	2.1813834984E-2	2.1735253214E-2
982	2.1829513779E-2	2.1750502789E-2
983	2.184115934E-2	2.1761809377E-2
984	2.1850931029E-2	2.1771194867E-2
985	2.1859644995E-2	2.178033332E-2
986	2.1865227951E-2	2.1786638735E-2
987	2.1874581815E-2	2.179601326E-2
988	2.188792366E-2	2.1809880763E-2
989	2.1903022714E-2	2.1826109547E-2
990	2.1918187745E-2	2.1840820866E-2
991	2.193261575E-2	2.1854546869E-2
992	2.1942884207E-2	2.1865629189E-2
993	2.1956627782E-2	2.1878798282E-2
994	2.1966369011E-2	2.188965853E-2
995	2.1975387409E-2	2.1898601276E-2
996	2.1985335351E-2	2.1907887117E-2
997	2.1995926709E-2	2.191851401E-2
998	2.2003924325E-2	2.1926514194E-2
999	2.2014734623E-2	2.1937930284E-2
1000	2.202528757E-2	2.1949015996E-2
1001	2.204016637E-2	2.1962550041E-2
1002	2.2053358776E-2	2.1974061238E-2
1003	2.2060780131E-2	2.1982351779E-2
1004	2.2074228384E-2	2.1995664106E-2
1005	2.2084192909E-2	2.2006352587E-2
1006	2.2096238804E-2	2.2018357272E-2
1007	2.2110532751E-2	2.2032089548E-2
1008	2.2123212676E-2	2.204314447E-2
1009	2.2135148737E-2	2.2055330933E-2
1010	2.2148454619E-2	2.2067323226E-2
1011	2.2166353315E-2	2.2084488567E-2
1012	2.217588093E-2	2.2093582957E-2
1013	2.2187154713E-2	2.2104472847E-2
1014	2.2200347327E-2	2.2117747184E-2
1015	2.2216237926E-2	2.2133363731E-2
1016	2.2228616574E-2	2.2145549735E-2
1017	2.2237584895E-2	2.2155112688E-2
1018	2.2251237215E-2	2.217023302E-2
1019	2.226181988E-2	2.2180827924E-2
1020	2.2275235802E-2	2.2194154614E-2
1021	2.2287760035E-2	2.2206521684E-2
1022	2.2305431012E-2	2.2223521162E-2
1023	2.231554764E-2	2.2233414202E-2
1024	2.2331165834E-2	2.2248871454E-2
1025	2.233704814E-2	2.2255227721E-2
1026	2.2353553056E-2	2.2271892291E-2
1027	2.2362799609E-2	2.2280685447E-2
1028	2.2370540126E-2	2.2288766878E-2
1029	2.2382919514E-2	2.2300408769E-2
1030	2.2397874271E-2	2.2314509032E-2
1031	2.2408603861E-2	2.2325778107E-2
1032	2.2420847639E-2	2.2338068942E-2
1033	2.243336226E-2	2.2351487419E-2
1034	2.2446380105E-2	2.2365183925E-2
1035	2.2457792631E-2	2.2377932109E-2
1036	2.247315578E-2	2.239269095E-2
1037	2.2488706937E-2	2.2407801675E-2
1038	2.2501715108E-2	2.2419042125E-2
1039	2.2516874204E-2	2.2433870517E-2
1040	2.2533057239E-2	2.245001383E-2
1041	2.2546306408E-2	2.2463838028E-2
1042	2.2559960383E-2	2.2476536775E-2
1043	2.2573502561E-2	2.2490418014E-2
1044	2.2580848986E-2	2.2497210045E-2
1045	2.2592747655E-2	2.2508874683E-2
1046	2.2603983802E-2	2.2518351175E-2
1047	2.2612999995E-2	2.2527571624E-2
1048	2.2627436897E-2	2.2541171492E-2
1049	2.2638591508E-2	2.2553294355E-2
1050	2.2657871794E-2	2.2571781343E-2
1051	2.2669669322E-2	2.2583746866E-2
1052	2.2681496698E-2	2.2593863436E-2
1053	2.2692408879E-2	2.26060659E-2
1054	2.2705746276E-2	2.2619568919E-2
1055	2.2718941241E-2	2.2632821982E-2
1056	2.2739018781E-2	2.2653781185E-2
1057	2.2750258134E-2	2.2664089165E-2
1058	2.2761425147E-2	2.2674301275E-2
1059	2.2774076436E-2	2.2688223411E-2
1060	2.2789614015E-2	2.2703581316E-2
1061	2.2797875416E-2	2.2711663317E-2
1062	2.2812930747E-2	2.2727297321E-2
1063	2.2832832653E-2	2.2747790895E-2
1064	2.2848020619E-2	2.2762950857E-2
1065	2.2860737165E-2	2.2775685699E-2
1066	2.287655383E-2	2.2792158541E-2
1067	2.2887892719E-2	2.2804061875E-2
1068	2.2896711098E-2	2.2812532608E-2
1069	2.2907778215E-2	2.2823912157E-2
1070	2.2915531785E-2	2.2831078763E-2
1071	2.2932950766E-2	2.2848425004E-2
1072	2.2940565359E-2	2.2855591059E-2
1073	2.2948219948E-2	2.2863149106E-2
1074	2.2957661651E-2	2.2873531914E-2
1075	2.2972926145E-2	2.2889293116E-2
1076	2.2988848394E-2	2.2904477918E-2
1077	2.3004347849E-2	2.2919346686E-2
1078	2.301781138E-2	2.2933497989E-2
1079	2.3032899819E-2	2.2949547995E-2
1080	2.3048706341E-2	2.2965218951E-2
1081	2.3059878019E-2	2.2975679489E-2
1082	2.3070973621E-2	2.2986588247E-2
1083	2.3080596144E-2	2.2995746174E-2
1084	2.3094336285E-2	2.3009222353E-2
1085	2.3104669278E-2	2.3019690419E-2
1086	2.3117650591E-2	2.3034405956E-2
1087	2.3123939322E-2	2.3040413745E-2
1088	2.3135636354E-2	2.3051238267E-2
1089	2.3148506195E-2	2.3065575759E-2
1090	2.3161362538E-2	2.3077434354E-2
1091	2.3176108456E-2	2.3092929804E-2
1092	2.3185717721E-2	2.3103205313E-2
1093	2.3196032132E-2	2.3113853186E-2
1094	2.3207328213E-2	2.3125045909E-2
1095	2.3219285856E-2	2.3138001646E-2
1096	2.3233437909E-2	2.3151722884E-2
1097	2.3244626798E-2	2.316276833E-2
1098	2.3251476657E-2	2.3169219235E-2
1099	2.3263195815E-2	2.3181588216E-2
1100	2.3274354429E-2	2.3191905124E-2
1101	2.3286836666E-2	2.3204845754E-2
1102	2.3302269772E-2	2.3219883789E-2
1103	2.3317527539E-2	2.3235454313E-2
1104	2.3330878579E-2	2.324993062E-2
1105	2.3341141157E-2	2.3261140052E-2
1106	2.3350102877E-2	2.3271281859E-2
1107	2.3361958786E-2	2.3285021286E-2
1108	2.3375696296E-2	2.3299023471E-2
1109	2.3389153899E-2	2.3311750822E-2
1110	2.3405589966E-2	2.3328576865E-2
1111	2.3417710669E-2	2.3339864738E-2
1112	2.3431371364E-2	2.3353106971E-2
1113	2.3440699652E-2	2.3362391131E-2
1114	2.3456093179E-2	2.3377412979E-2
1115	2.346864315E-2	2.338889116E-2
1116	2.3485726928E-2	2.3405308029E-2
1117	2.3497282035E-2	2.3416985276E-2
1118	2.351199301E-2	2.3430570445E-2
1119	2.3524669329E-2	2.3443546083E-2
1120	2.3535596037E-2	2.3455786419E-2
1121	2.3553528091E-2	2.347385171E-2
1122	2.3564740497E-2	2.3485192308E-2
1123	2.3569931583E-2	2.3491000614E-2
1124	2.3582601497E-2	2.350256024E-2
1125	2.3597090483E-2	2.3516971765E-2
1126	2.3611887244E-2	2.3531599682E-2
1127	2.3623767758E-2	2.3543376237E-2
1128	2.3640838573E-2	2.355950999E-2
1129	2.3648268975E-2	2.3566547585E-2
1130	2.3659243448E-2	2.3577586672E-2
1131	2.3666294324E-2	2.3585435364E-2
1132	2.3678420075E-2	2.3597269288E-2
1133	2.3691065649E-2	2.360970101E-2
1134	2.3706829233E-2	2.3625230429E-2
1135	2.3722954915E-2	2.3642002484E-2
1136	2.3733454101E-2	2.3651387439E-2
1137	2.3744687172E-2	2.3660936853E-2
1138	2.3756513858E-2	2.3672962863E-2
1139	2.3772577297E-2	2.3688132968E-2
1140	2.3784930589E-2	2.3700079191E-2
1141	2.380076531E-2	2.3715071182E-2
1142	2.3816569606E-2	2.3730690289E-2
1143	2.3828183218E-2	2.3741503573E-2
1144	2.3839221866E-2	2.3752108835E-2
1145	2.3854511626E-2	2.3767033658E-2
1146	2.3872344079E-2	2.3783854759E-2
1147	2.3882046071E-2	2.3794281675E-2
1148	2.3895939841E-2	2.3807533278E-2
1149	2.3906805896E-2	2.3818874882E-2
1150	2.3925036086E-2	2.38381049E-2
1151	2.3940759019E-2	2.3852656784E-2
1152	2.3952786456E-2	2.3863497803E-2
1153	2.396005934E-2	2.3871309837E-2
1154	2.3968540777E-2	2.3879548094E-2
1155	2.3979411674E-2	2.3890663438E-2
1156	2.3991547436E-2	2.3902398264E-2
1157	2.4003912789E-2	2.3914051618E-2
1158	2.4014613892E-2	2.3925420495E-2
1159	2.4025491444E-2	2.3936695431E-2
1160	2.4036912837E-2	2.3949285066E-2
1161	2.4053095066E-2	2.3965555261E-2
1162	2.4062702888E-2	2.3975276219E-2
1163	2.4074400581E-2	2.3987461616E-2
1164	2.4089323669E-2	2.4002115396E-2
1165	2.4100324665E-2	2.4013518353E-2
1166	2.4116670219E-2	2.4029225683E-2
1167	2.4123767846E-2	2.4037479477E-2
1168	2.4138808322E-2	2.4051257708E-2
1169	2.4150395387E-2	2.4063099315E-2
1170	2.4157866125E-2	2.4069408168E-2
1171	2.4175653909E-2	2.408747793E-2
1172	2.4184969456E-2	2.4096713125E-2
1173	2.4199868388E-2	2.4111387251E-2
1174	2.4216595513E-2	2.4128384198E-2
1175	2.4235796403E-2	2.4147613415E-2
1176	2.4251478143E-2	2.4162916845E-2
1177	2.426663429E-2	2.4177920174E-2
1178	2.4279762164E-2	2.4190121908E-2
1179	2.4292859339E-2	2.4202473322E-2
1180	2.4308018669E-2	2.4218153905E-2
1181	2.4326135713E-2	2.4235458093E-2
1182	2.4340468246E-2	2.425084855E-2
1183	2.4351411265E-2	2.4261685052E-2
1184	2.4362860443E-2	2.4273863451E-2
1185	2.437551482E-2	2.4286720702E-2
1186	2.4386853032E-2	2.429753093E-2
1187	2.4401600868E-2	2.4311844563E-2
1188	2.441618364E-2	2.4327479798E-2
1189	2.442414246E-2	2.4335439844E-2
1190	2.443557636E-2	2.4346409168E-2
1191	2.4446105118E-2	2.4356652528E-2
1192	2.4458881363E-2	2.4370226906E-2
1193	2.4469510325E-2	2.4379424997E-2
1194	2.4479386777E-2	2.4388380987E-2
1195	2.449018288E-2	2.4398261589E-2
1196	2.4499838338E-2	2.4408382099E-2
1197	2.4513327882E-2	2.4421742676E-2
1198	2.4527183522E-2	2.4435718718E-2
1199	2.4545264375E-2	2.4453588423E-2
1200	2.4562398355E-2	2.4470279511E-2
1201	2.4578987219E-2	2.4486162889E-2
1202	2.4593116032E-2	2.4501684656E-2
1203	2.4606020258E-2	2.4514532479E-2
1204	2.4616079367E-2	2.4524144807E-2
1205	2.4633281078E-2	2.454082426E-2
1206	2.4648553415E-2	2.4555417292E-2
1207	2.4664230094E-2	2.4571470151E-2
1208	2.4678587013E-2	2.4585529622E-2
1209	2.4686262873E-2	2.4593040295E-2
1210	2.4696458162E-2	2.4603790773E-2
1211	2.4711993071E-2	2.4619100279E-2
1212	2.4724002591E-2	2.4630150027E-2
1213	2.4740159216E-2	2.4645511306E-2
1214	2.4757902275E-2	2.466309276E-2
1215	2.477128323E-2	2.467617325E-2
1216	2.4787323181E-2	2.4691373292E-2
1217	2.4799315885E-2	2.4703990298E-2
1218	2.4811776485E-2	2.4717184982E-2
1219	2.4830574735E-2	2.4735890114E-2
1220	2.4843248138E-2	2.4748637751E-2
1221	2.4857860269E-2	2.4763164807E-2
1222	2.4868503602E-2	2.4772816892E-2
1223	2.4879197276E-2	2.4784542012E-2
1224	2.4894715317E-2	2.4800301964E-2
1225	2.4905543268E-2	2.4811961299E-2
1226	2.4915690789E-2	2.4821975998E-2
1227	2.4924702773E-2	2.4830515165E-2
1228	2.4930455801E-2	2.4837562354E-2
1229	2.4937242048E-2	2.4844363258E-2
1230	2.4949826137E-2	2.485680881E-2
1231	2.4964307433E-2	2.4871566266E-2
1232	2.4975960841E-2	2.4882571516E-2
1233	2.4991057333E-2	2.4897413488E-2
1234	2.5002642156E-2	2.4908593363E-2
1235	2.501274468E-2	2.4919262335E-2
1236	2.5025959721E-2	2.4932302037E-2
1237	2.5037859832E-2	2.4943309789E-2
1238	2.5050714393E-2	2.4955734227E-2
1239	2.506142542E-2	2.4965895393E-2
1240	2.5069501642E-2	2.4974764418E-2
1241	2.5079936455E-2	2.4984733334E-2
1242	2.5092809966E-2	2.4996724726E-2
1243	2.5104672487E-2	2.5007928683E-2
1244	2.5119961501E-2	2.5023146232E-2
1245	2.5135553348E-2	2.5037670261E-2
1246	2.5151716196E-2	2.5056195341E-2
1247	2.5163718849E-2	2.5068819893E-2
1248	2.5176276242E-2	2.5081402433E-2
1249	2.5190033603E-2	2.5094940224E-2
1250	2.5202941899E-2	2.5107861206E-2
1251	2.5214580499E-2	2.5119393738E-2
1252	2.5223427298E-2	2.5128826973E-2
1253	2.5235620189E-2	2.5140392728E-2
1254	2.5246303922E-2	2.5150968151E-2
1255	2.5259758538E-2	2.5164254203E-2
1256	2.5267437936E-2	2.5172778953E-2
1257	2.5277149566E-2	2.5182482868E-2
1258	2.5291530463E-2	2.5197737686E-2
1259	2.5304154243E-2	2.5209976489E-2
1260	2.5316787921E-2	2.522312613E-2
1261	2.5335097068E-2	2.5241466903E-2
1262	2.5345686762E-2	2.5252761358E-2
1263	2.5356883172E-2	2.5263671642E-2
1264	2.5369441217E-2	2.5276733339E-2
1265	2.5380270112E-2	2.5287982175E-2
1266	2.5394857509E-2	2.5302728854E-2
1267	2.5406957026E-2	2.5314954436E-2
1268	2.5414862896E-2	2.532186896E-2
1269	2.5427266248E-2	2.5335239357E-2
1270	2.5438427875E-2	2.534713435E-2
1271	2.5449211476E-2	2.5358521878E-2
1272	2.5459744831E-2	2.5368108897E-2
1273	2.5470318217E-2	2.537754066E-2
1274	2.5482133317E-2	2.5388458383E-2
1275	2.5494510247E-2	2.5400196084E-2
1276	2.550687675E-2	2.5413006333E-2
1277	2.5518491868E-2	2.5425458256E-2
1278	2.5529659937E-2	2.5436847165E-2
1279	2.5541165927E-2	2.5447232796E-2
1280	2.5550194436E-2	2.545726026E-2
1281	2.5561946019E-2	2.5468427825E-2
1282	2.5572344559E-2	2.5478701115E-2
1283	2.5587303575E-2	2.549409682E-2
1284	2.560352143E-2	2.5509739798E-2
1285	2.5620096166E-2	2.5526093202E-2
1286	2.5631951019E-2	2.5538465179E-2
1287	2.5647854197E-2	2.5554610676E-2
1288	2.5661362364E-2	2.556759319E-2
1289	2.5669393538E-2	2.5576057501E-2
1290	2.5681568248E-2	2.5588901403E-2
1291	2.5693855286E-2	2.5601909892E-2
1292	2.5702431289E-2	2.5611010371E-2
1293	2.5720430861E-2	2.5627663331E-2
1294	2.5731349479E-2	2.5639459319E-2
1295	2.5743821384E-2	2.5651047317E-2
1296	2.5761592193E-2	2.566980834E-2
1297	2.5774159856E-2	2.568376793E-2
1298	2.579010832E-2	2.5700005789E-2
1299	2.5798182041E-2	2.5707455219E-2
1300	2.5806307931E-2	2.571506666E-2
1301	2.581575956E-2	2.5724839931E-2
1302	2.5827107504E-2	2.5737096162E-2
1303	2.5839593238E-2	2.5749168106E-2
1304	2.5853429384E-2	2.5762098789E-2
1305	2.5865364199E-2	2.5774221349E-2
1306	2.5881762234E-2	2.5789583252E-2
1307	2.5892297703E-2	2.5800023617E-2
1308	2.5900361051E-2	2.5808243408E-2
1309	2.5913105715E-2	2.582054229E-2
1310	2.592682974E-2	2.5834597635E-2
1311	2.5936300042E-2	2.5844701478E-2
1312	2.5953785902E-2	2.5861569929E-2
1313	2.5963532551E-2	2.5870378864E-2
1314	2.597258868E-2	2.5879339138E-2
1315	2.5985149057E-2	2.5891705071E-2
1316	2.5997685096E-2	2.5903709271E-2
1317	2.6013175662E-2	2.5919185877E-2
1318	2.6032093933E-2	2.5936336703E-2
1319	2.6043404872E-2	2.5946408114E-2
1320	2.6054478064E-2	2.5958308285E-2
1321	2.6065895218E-2	2.5969052257E-2
1322	2.6077852686E-2	2.5980865944E-2
1323	2.6090603294E-2	2.5993313375E-2
1324	2.6104689735E-2	2.6006277888E-2
1325	2.6122120076E-2	2.6024463993E-2
1326	2.6132761425E-2	2.6035119811E-2
1327	2.6147999903E-2	2.6048586215E-2
1328	2.6164479878E-2	2.606537041E-2
1329	2.6182550421E-2	2.6082416525E-2
1330	2.6197852147E-2	2.6097854705E-2
1331	2.6207924857E-2	2.610743102E-2
1332	2.6223285191E-2	2.6122404812E-2
1333	2.6238296116E-2	2.6137538565E-2
1334	2.6252385644E-2	2.6152663318E-2
1335	2.6267626197E-2	2.6168184012E-2
1336	2.6282039737E-2	2.6183503466E-2
1337	2.6294578547E-2	2.6195944431E-2
1338	2.63071485E-2	2.6208909544E-2
1339	2.6319979062E-2	2.6220468437E-2
1340	2.6337368252E-2	2.6235909699E-2
1341	2.6351571859E-2	2.6251123953E-2
1342	2.6362817059E-2	2.6262442789E-2
1343	2.6374835134E-2	2.6274354898E-2
1344	2.6383425688E-2	2.6283058376E-2
1345	2.6400983409E-2	2.630037993E-2
1346	2.640988062E-2	2.6309005095E-2
1347	2.6421044775E-2	2.6320907302E-2
1348	2.6430839555E-2	2.6331091247E-2
1349	2.6446742718E-2	2.6346784004E-2
1350	2.6464862667E-2	2.6365577731E-2
1351	2.6476351698E-2	2.6376900679E-2
1352	2.6491125583E-2	2.6391520758E-2
1353	2.6510157216E-2	2.6409911171E-2
1354	2.6524932345E-2	2.6424578526E-2
1355	2.6538135193E-2	2.6438328496E-2
1356	2.6555138542E-2	2.6453990887E-2
1357	2.6572323045E-2	2.6470748102E-2
1358	2.658802938E-2	2.6487189422E-2
1359	2.6604451885E-2	2.6504460391E-2
1360	2.6618062508E-2	2.6518327797E-2
1361	2.6634133122E-2	2.6533942211E-2
1362	2.6645237584E-2	2.6545774751E-2
1363	2.6650731624E-2	2.6551704658E-2
1364	2.6666291547E-2	2.6566901694E-2
1365	2.6677913109E-2	2.6577444356E-2
1366	2.6695716617E-2	2.6595202877E-2
1367	2.6707256519E-2	2.6607975592E-2
1368	2.6721110242E-2	2.6622151388E-2
1369	2.6728488045E-2	2.6629930927E-2
1370	2.674293713E-2	2.6644449347E-2
1371	2.6749781655E-2	2.6652047568E-2
1372	2.6760758342E-2	2.666270228E-2
1373	2.6769977831E-2	2.667249336E-2
1374	2.6780977311E-2	2.6684397979E-2
1375	2.6788626098E-2	2.6692874602E-2
1376	2.6800129309E-2	2.6704816487E-2
1377	2.6815934655E-2	2.6720101959E-2
1378	2.6831005422E-2	2.6735218741E-2
1379	2.6843827202E-2	2.6748606119E-2
1380	2.6864750452E-2	2.6769919399E-2
1381	2.6877165978E-2	2.6781789877E-2
1382	2.6883125405E-2	2.6788171379E-2
1383	2.689381163E-2	2.6800248226E-2
1384	2.6907955324E-2	2.6815965855E-2
1385	2.6915824957E-2	2.6823796631E-2
1386	2.6924785283E-2	2.6834226418E-2
1387	2.6936307921E-2	2.6846279108E-2
1388	2.6950565787E-2	2.6860227787E-2
1389	2.6966380974E-2	2.6876967746E-2
1390	2.698129336E-2	2.6892820107E-2
1391	2.6990655298E-2	2.6902203252E-2
1392	2.7004213468E-2	2.6916366206E-2
1393	2.7012953549E-2	2.6924738725E-2
1394	2.702905293E-2	2.6941482775E-2
1395	2.7044525739E-2	2.6956732716E-2
1396	2.7051439709E-2	2.6963480438E-2
1397	2.705876297E-2	2.6971821586E-2
1398	2.7072036474E-2	2.698512739E-2
1399	2.7084496276E-2	2.6998198892E-2
1400	2.7098776359E-2	2.7012719415E-2
1401	2.7108017101E-2	2.702228624E-2
1402	2.7121318499E-2	2.7035208288E-2
1403	2.7133603724E-2	2.7046902485E-2
1404	2.7144644137E-2	2.7057450276E-2
1405	2.7154651441E-2	2.7068059739E-2
1406	2.7168112772E-2	2.7083085788E-2
1407	2.7180089888E-2	2.7095838649E-2
1408	2.7195998218E-2	2.7109314362E-2
1409	2.7210029582E-2	2.7123288196E-2
1410	2.7226773318E-2	2.7139037555E-2
1411	2.7234768375E-2	2.7145977327E-2
1412	2.7248425754E-2	2.7160088947E-2
1413	2.7267098127E-2	2.7178795809E-2
1414	2.7281660887E-2	2.7191929087E-2
1415	2.7296072093E-2	2.7206162841E-2
1416	2.7305115319E-2	2.7215276209E-2
1417	2.7318678301E-2	2.7227522868E-2
1418	2.7338662442E-2	2.724607246E-2
1419	2.735455262E-2	2.7261058311E-2
1420	2.7369946685E-2	2.7276621372E-2
1421	2.7381605081E-2	2.7289001452E-2
1422	2.7397169036E-2	2.7304742002E-2
1423	2.7410190747E-2	2.7318641132E-2
1424	2.7426264341E-2	2.7335405284E-2
1425	2.7438071291E-2	2.7347411771E-2
1426	2.7454683765E-2	2.7365194922E-2
1427	2.7465322466E-2	2.7376196481E-2
1428	2.7478932549E-2	2.738914039E-2
1429	2.7495339035E-2	2.7406345795E-2
1430	2.7507744899E-2	2.7420448332E-2
1431	2.7525981297E-2	2.7439087145E-2
1432	2.7542444637E-2	2.7455117044E-2
1433	2.7554040604E-2	2.7466400776E-2
1434	2.7561755246E-2	2.7474808093E-2
1435	2.7571999158E-2	2.7484834359E-2
1436	2.7584835859E-2	2.7496572803E-2
1437	2.7593881075E-2	2.7505679321E-2
1438	2.7608225746E-2	2.7519061972E-2
1439	2.7622677504E-2	2.7533173562E-2
1440	2.7638025E-2	2.7548549963E-2
1441	2.7648352543E-2	2.7557977254E-2
1442	2.7661792314E-2	2.7571263587E-2
1443	2.7675712035E-2	2.7584097877E-2
1444	2.7691853023E-2	2.7601582649E-2
1445	2.7705472715E-2	2.7614746309E-2
1446	2.7714746982E-2	2.7623851611E-2
1447	2.7725735722E-2	2.7635659068E-2
1448	2.7735750056E-2	2.7645317613E-2
1449	2.7756749771E-2	2.7667305621E-2
1450	2.7769759613E-2	2.7679602602E-2
1451	2.7787294516E-2	2.7696674788E-2
1452	2.7800082901E-2	2.7708753837E-2
1453	2.7813203227E-2	2.772253287E-2
1454	2.782491289E-2	2.7734836447E-2
1455	2.7838468216E-2	2.7748928886E-2
1456	2.7856752101E-2	2.7768661969E-2
1457	2.7870794025E-2	2.7782536866E-2
1458	2.7887073888E-2	2.7799041691E-2
1459	2.790190589E-2	2.7813656442E-2
1460	2.7918996722E-2	2.7829848614E-2
1461	2.7933979594E-2	2.7843294933E-2
1462	2.7943881952E-2	2.7853539415E-2
1463	2.7957611602E-2	2.7867933574E-2
1464	2.7971421982E-2	2.7882695314E-2
1465	2.79916504E-2	2.7902165544E-2
1466	2.8005387603E-2	2.7916576672E-2
1467	2.8023795987E-2	2.7934749664E-2
1468	2.8031163796E-2	2.7941268403E-2
1469	2.8044567289E-2	2.7955475468E-2
1470	2.8058873963E-2	2.7970493802E-2
1471	2.8069144072E-2	2.7980741078E-2
1472	2.8083099148E-2	2.7994455527E-2
1473	2.8094913019E-2	2.800337602E-2
1474	2.8109736384E-2	2.8018242135E-2
1475	2.8118516599E-2	2.8026889236E-2
1476	2.8131552222E-2	2.8039029985E-2
1477	2.8146723676E-2	2.8053744078E-2
1478	2.8165752139E-2	2.8072502089E-2
1479	2.8179548355E-2	2.8087349198E-2
1480	2.8188152562E-2	2.8095485818E-2
1481	2.8197228008E-2	2.8103797461E-2
1482	2.8209362536E-2	2.8115331491E-2
1483	2.8222455278E-2	2.8129844276E-2
1484	2.8236538294E-2	2.8143566801E-2
1485	2.8248814907E-2	2.8156753148E-2
1486	2.8264262626E-2	2.8173700552E-2
1487	2.828420525E-2	2.8192174516E-2
1488	2.8294010148E-2	2.8202361072E-2
1489	2.8308561098E-2	2.8216902802E-2
1490	2.8318436143E-2	2.8226662841E-2
1491	2.833002665E-2	2.8237451516E-2
1492	2.8346614299E-2	2.8253420626E-2
1493	2.8360515732E-2	2.8267649587E-2
1494	2.8374591184E-2	2.8282487383E-2
1495	2.8388536871E-2	2.8295867932E-2
1496	2.8404587235E-2	2.8312421154E-2
1497	2.8418635907E-2	2.8325845439E-2
1498	2.843026433E-2	2.8336984995E-2
1499	2.8445443849E-2	2.8351252106E-2
1500	2.8458006981E-2	2.8364281267E-2
1501	2.8474754135E-2	2.8382517298E-2
1502	2.8486122551E-2	2.8394443109E-2
1503	2.8500368976E-2	2.8409304739E-2
1504	2.8516608413E-2	2.8425451278E-2
1505	2.8526206068E-2	2.8435582159E-2
1506	2.853981184E-2	2.8449050033E-2
1507	2.855415902E-2	2.8462811958E-2
1508	2.8572318901E-2	2.8479275867E-2
1509	2.8586925564E-2	2.8491667556E-2
1510	2.8602790691E-2	2.850642485E-2
1511	2.8615480692E-2	2.8518023806E-2
1512	2.8629419824E-2	2.8534258506E-2
1513	2.8645211943E-2	2.8549131755E-2
1514	2.8664139774E-2	2.8569365705E-2
1515	2.8672916859E-2	2.8578465939E-2
1516	2.868794791E-2	2.8593962668E-2
1517	2.8698287591E-2	2.8603325155E-2
1518	2.8714574424E-2	2.8616990419E-2
1519	2.8724736184E-2	2.8629152532E-2
1520	2.8740163889E-2	2.8645530142E-2
1521	2.8751257791E-2	2.8656004055E-2
1522	2.876201904E-2	2.8665355987E-2
1523	2.8776062433E-2	2.8679837492E-2
1524	2.878835176E-2	2.8692057992E-2
1525	2.8793957213E-2	2.8696974125E-2
1526	2.8806246776E-2	2.8708844111E-2
1527	2.8821800226E-2	2.8724237973E-2
1528	2.8833896969E-2	2.8736713792E-2
1529	2.8846512294E-2	2.8749606125E-2
1530	2.886278602E-2	2.8765694701E-2
1531	2.8873165201E-2	2.8776804088E-2
1532	2.8879737431E-2	2.8783802492E-2
1533	2.8891656984E-2	2.879445356E-2
1534	2.8907272048E-2	2.8808452705E-2
1535	2.8920725653E-2	2.8821772215E-2
1536	2.8932164265E-2	2.883416464E-2
1537	2.894438001E-2	2.8845774276E-2
1538	2.8960024624E-2	2.886155459E-2
1539	2.8978476265E-2	2.8877512043E-2
1540	2.8993029322E-2	2.8889677422E-2
1541	2.900509108E-2	2.8901009228E-2
1542	2.9018877361E-2	2.8914948906E-2
1543	2.903610719E-2	2.8932229036E-2
1544	2.9047925579E-2	2.8944015492E-2
1545	2.9058410805E-2	2.8955325606E-2
1546	2.907112138E-2	2.8968726566E-2
1547	2.9084183535E-2	2.8981045837E-2
1548	2.9094653056E-2	2.899242917E-2
1549	2.9105882953E-2	2.9002730814E-2
1550	2.9121844021E-2	2.9017946487E-2
1551	2.9143577467E-2	2.9039991748E-2
1552	2.9154296913E-2	2.9050240462E-2
1553	2.9167341876E-2	2.9062166133E-2
1554	2.9177703587E-2	2.9071418592E-2
1555	2.9193003017E-2	2.9087255858E-2
1556	2.9210478566E-2	2.9102780729E-2
1557	2.9227368213E-2	2.9119260932E-2
1558	2.9237718656E-2	2.9131183922E-2
1559	2.9249980064E-2	2.9144489698E-2
1560	2.9268078899E-2	2.9161892249E-2
1561	2.9277094465E-2	2.9171001508E-2
1562	2.9291122092E-2	2.9186778014E-2
1563	2.9304124801E-2	2.9200000046E-2
1564	2.9317308602E-2	2.9213332145E-2
1565	2.9330846537E-2	2.9226068425E-2
1566	2.9347775367E-2	2.9243187247E-2
1567	2.9363450575E-2	2.9259535184E-2
1568	2.937844381E-2	2.9272973195E-2
1569	2.9401148E-2	2.9296336523E-2
1570	2.9421201075E-2	2.9317081462E-2
1571	2.9435308739E-2	2.9331861441E-2
1572	2.944847226E-2	2.9345390644E-2
1573	2.9464984246E-2	2.9361798655E-2
1574	2.9478998907E-2	2.9376067611E-2
1575	2.9486298907E-2	2.9383009207E-2
1576	2.9502912911E-2	2.940004084E-2
1577	2.9510426273E-2	2.9407705956E-2
1578	2.9527696461E-2	2.9423946748E-2
1579	2.9543213932E-2	2.943832376E-2
1580	2.955731281E-2	2.9452663634E-2
1581	2.9571635365E-2	2.9467455375E-2
1582	2.9589250971E-2	2.9484781814E-2
1583	2.9607413371E-2	2.9501926847E-2
1584	2.9620785859E-2	2.9515093346E-2
1585	2.9641467342E-2	2.9535091399E-2
1586	2.9661673577E-2	2.9555724912E-2
1587	2.9678456487E-2	2.9572654135E-2
1588	2.9691835314E-2	2.9586180451E-2
1589	2.9709628136E-2	2.9602446259E-2
1590	2.9716736885E-2	2.9610206753E-2
1591	2.9733108183E-2	2.9626145958E-2
1592	2.9744377975E-2	2.9638654612E-2
1593	2.9755901146E-2	2.9651017545E-2
1594	2.9771418505E-2	2.9665171863E-2
1595	2.9791355311E-2	2.9684264398E-2
1596	2.9806288709E-2	2.9698088667E-2
1597	2.9821509373E-2	2.971285675E-2
1598	2.9838002526E-2	2.9732170717E-2
1599	2.9849010794E-2	2.9743629994E-2
1600	2.9865540339E-2	2.9760881874E-2
1601	2.9877989731E-2	2.977332561E-2
1602	2.9890499911E-2	2.9786081785E-2
1603	2.9907182274E-2	2.9802251462E-2
1604	2.9923093243E-2	2.9816917951E-2
1605	2.9933969977E-2	2.9827238979E-2
1606	2.9947974692E-2	2.9839322644E-2
1607	2.9955637105E-2	2.9848061643E-2
1608	2.996604248E-2	2.9857840944E-2
1609	2.9978436218E-2	2.9871101222E-2
1610	2.9991006295E-2	2.9883677209E-2
1611	3.0004639353E-2	2.9898145553E-2
1612	3.0018286184E-2	2.991240869E-2
1613	3.0032653898E-2	2.9926752883E-2
1614	3.004374169E-2	2.9937417817E-2
1615	3.0054484241E-2	2.994673438E-2
1616	3.0072456604E-2	2.9963340178E-2
1617	3.0083010699E-2	2.997323327E-2
1618	3.0099555951E-2	2.999006504E-2
1619	3.0116836507E-2	3.0006485557E-2
1620	3.0135963494E-2	3.0025825897E-2
1621	3.0147960392E-2	3.0038200407E-2
1622	3.0163544727E-2	3.0053602836E-2
1623	3.0177429236E-2	3.0068188308E-2
1624	3.0190066858E-2	3.0081116596E-2
1625	3.0200550003E-2	3.0092060109E-2
1626	3.0214459904E-2	3.0105526539E-2
1627	3.0226676878E-2	3.0117434455E-2
1628	3.0239584667E-2	3.0130723721E-2
1629	3.024991789E-2	3.0141202171E-2
1630	3.0264119598E-2	3.0154676395E-2
1631	3.0278721265E-2	3.0169529538E-2
1632	3.0293474437E-2	3.0184034295E-2
1633	3.0308038513E-2	3.0198379498E-2
1634	3.0320643675E-2	3.02125541E-2
1635	3.0335047676E-2	3.0226147234E-2
1636	3.0349849588E-2	3.02401934E-2
1637	3.0361127302E-2	3.0252218264E-2
1638	3.0372770673E-2	3.0264288823E-2
1639	3.0392844057E-2	3.0285029158E-2
1640	3.0408219623E-2	3.0301161407E-2
1641	3.0417980594E-2	3.0312252007E-2
1642	3.0433847959E-2	3.0326363011E-2
1643	3.0452904524E-2	3.0345658329E-2
1644	3.046589208E-2	3.0357407515E-2
1645	3.0481756171E-2	3.0371705261E-2
1646	3.0494688149E-2	3.0384595459E-2
1647	3.0498024276E-2	3.038735768E-2
1648	3.0509791041E-2	3.0399027555E-2
1649	3.0524151531E-2	3.0413083078E-2
1650	3.0537310764E-2	3.04263057E-2
1651	3.0549452907E-2	3.0438023318E-2
1652	3.0560298677E-2	3.0449699366E-2
1653	3.056786279E-2	3.0457424736E-2
1654	3.0584071178E-2	3.047245204E-2
1655	3.0593256003E-2	3.0484199976E-2
1656	3.0606102308E-2	3.0497159735E-2
1657	3.0619735956E-2	3.0511359115E-2
1658	3.0632340108E-2	3.0524152966E-2
1659	3.0647001706E-2	3.053927173E-2
1660	3.0659682543E-2	3.055253221E-2
1661	3.0670998439E-2	3.0563885458E-2
1662	3.0680044565E-2	3.0573097308E-2
1663	3.0692065876E-2	3.058621159E-2
1664	3.0707957431E-2	3.0603516067E-2
1665	3.0718698325E-2	3.0613511725E-2
1666	3.0732853591E-2	3.0629225378E-2
1667	3.0750363615E-2	3.0645539547E-2
1668	3.076087835E-2	3.0656533856E-2
1669	3.0769709921E-2	3.0666077504E-2
1670	3.0787664912E-2	3.0683944102E-2
1671	3.0802508357E-2	3.0698940318E-2
1672	3.0809799991E-2	3.0705949441E-2
1673	3.0831625642E-2	3.0727314135E-2
1674	3.0851476231E-2	3.0748242951E-2
1675	3.0866003423E-2	3.0761911709E-2
1676	3.0877180045E-2	3.077547966E-2
1677	3.0894723197E-2	3.0792697638E-2
1678	3.091138741E-2	3.080909025E-2
1679	3.0923851281E-2	3.0821082173E-2
1680	3.0933901893E-2	3.0830082164E-2
1681	3.0943392428E-2	3.0839548023E-2
1682	3.0955753505E-2	3.0851721806E-2
1683	3.0963662652E-2	3.0861510293E-2
1684	3.0979610046E-2	3.08768075E-2
1685	3.0997348763E-2	3.0893077853E-2
1686	3.1012322671E-2	3.0908599421E-2
1687	3.1027135921E-2	3.0924314049E-2
1688	3.1044069481E-2	3.0940780358E-2
1689	3.105951951E-2	3.09577324E-2
1690	3.1068339712E-2	3.0966251658E-2
1691	3.1083619985E-2	3.0982397243E-2
1692	3.1100885864E-2	3.1000378872E-2
1693	3.1118070688E-2	3.1017551339E-2
1694	3.1127793823E-2	3.1028378008E-2
1695	3.1143019529E-2	3.1043023531E-2
1696	3.1158690491E-2	3.1058781116E-2
1697	3.1175457466E-2	3.1074381743E-2
1698	3.1192731413E-2	3.1091859433E-2
1699	3.1203364522E-2	3.1105283074E-2
1700	3.1215419398E-2	3.1117177869E-2
1701	3.1231079637E-2	3.1132726119E-2
1702	3.123992171E-2	3.1141596153E-2
1703	3.1249471874E-2	3.1151663122E-2
1704	3.1264203227E-2	3.1167803999E-2
1705	3.1279165738E-2	3.1183463703E-2
1706	3.1295512505E-2	3.1198019606E-2
1707	3.1302232169E-2	3.120335785E-2
1708	3.131502913E-2	3.1216178274E-2
1709	3.1330920749E-2	3.1232603962E-2
1710	3.1344843466E-2	3.1246160281E-2
1711	3.135504685E-2	3.1256127117E-2
1712	3.1369827286E-2	3.1269991751E-2
1713	3.138079273E-2	3.1281480267E-2
1714	3.1388525096E-2	3.1289263223E-2
1715	3.1399376768E-2	3.1301160487E-2
1716	3.1412320262E-2	3.1313845189E-2
1717	3.1429106088E-2	3.1330937624E-2
1718	3.1442853436E-2	3.1344118084E-2
1719	3.1454833558E-2	3.1356936309E-2
1720	3.1467668406E-2	3.1368344461E-2
1721	3.1478266794E-2	3.1379305873E-2
1722	3.1489030467E-2	3.1390764386E-2
1723	3.1499767269E-2	3.1401338485E-2
1724	3.1513586979E-2	3.1415208318E-2
1725	3.1529699367E-2	3.1431189013E-2
1726	3.1545232819E-2	3.1445692349E-2
1727	3.1561276355E-2	3.1462100381E-2
1728	3.1574281488E-2	3.1475906518E-2
1729	3.1585330715E-2	3.1486478617E-2
1730	3.1603092655E-2	3.1504953893E-2
1731	3.1615459794E-2	3.1518398138E-2
1732	3.1625274372E-2	3.1527769167E-2
1733	3.1641243592E-2	3.1544066373E-2
1734	3.1655553405E-2	3.1558309043E-2
1735	3.1671586421E-2	3.1573830049E-2
1736	3.1691586871E-2	3.1592808962E-2
1737	3.1712974472E-2	3.1613862856E-2
1738	3.1726868008E-2	3.1629360114E-2
1739	3.1740304806E-2	3.1642386555E-2
1740	3.1750014453E-2	3.165320506E-2
1741	3.1767694329E-2	3.1670415469E-2
1742	3.178002103E-2	3.1683091966E-2
1743	3.1786535856E-2	3.1691143322E-2
1744	3.1802817867E-2	3.1708579081E-2
1745	3.1814667025E-2	3.172031016E-2
1746	3.182673976E-2	3.173364774E-2
1747	3.1840026037E-2	3.1748692177E-2
1748	3.184976106E-2	3.1757809445E-2
1749	3.1864998586E-2	3.1773935707E-2
1750	3.1872158715E-2	3.1781655229E-2
1751	3.1887696492E-2	3.1796792863E-2
1752	3.190324071E-2	3.1812403498E-2
1753	3.1917095617E-2	3.1826536293E-2
1754	3.1926798127E-2	3.1835180851E-2
1755	3.1941471266E-2	3.1849304474E-2
1756	3.195516842E-2	3.1862143039E-2
1757	3.1970134752E-2	3.1877322056E-2
1758	3.1987548024E-2	3.1895628658E-2
1759	3.2000138141E-2	3.1907975884E-2
1760	3.2016653948E-2	3.1924704383E-2
1761	3.2026720691E-2	3.1934940091E-2
1762	3.2040781416E-2	3.1948098151E-2
1763	3.2059807263E-2	3.1967014749E-2
1764	3.207516601E-2	3.1981764967E-2
1765	3.2089340933E-2	3.1994907854E-2
1766	3.2099427001E-2	3.2005065514E-2
1767	3.2114543196E-2	3.2020951117E-2
1768	3.212529172E-2	3.2032300746E-2
1769	3.2134857653E-2	3.2041137713E-2
1770	3.2146566778E-2	3.2053017867E-2
1771	3.2163564052E-2	3.2070391725E-2
1772	3.2176533678E-2	3.2083334084E-2
1773	3.2189063282E-2	3.2094896344E-2
1774	3.2199572778E-2	3.2105894681E-2
1775	3.2217301982E-2	3.2122806845E-2
1776	3.223290498E-2	3.2139617993E-2
1777	3.2246142898E-2	3.2154798149E-2
1778	3.2260081799E-2	3.2167326832E-2
1779	3.2279834704E-2	3.2187390348E-2
1780	3.2292898124E-2	3.2200979564E-2
1781	3.2309156683E-2	3.2216383526E-2
1782	3.2324602179E-2	3.2232249595E-2
1783	3.2339668848E-2	3.2246383557E-2
1784	3.235555121E-2	3.2262035416E-2
1785	3.2366764653E-2	3.2273255685E-2
1786	3.2378021802E-2	3.2284933528E-2
1787	3.2394726931E-2	3.2300955136E-2
1788	3.2407623718E-2	3.2314393192E-2
1789	3.2418515381E-2	3.2324676079E-2
1790	3.2430747045E-2	3.2337825681E-2
1791	3.2447130999E-2	3.2355363054E-2
1792	3.2462535768E-2	3.2369712777E-2
1793	3.2483956809E-2	3.2391842083E-2
1794	3.2504781122E-2	3.2411556003E-2
1795	3.2518104959E-2	3.2425095221E-2
1796	3.2526006658E-2	3.2433131686E-2
1797	3.2537661125E-2	3.2445350186E-2
1798	3.2554247391E-2	3.2461090482E-2
1799	3.2565012405E-2	3.2472470376E-2
1800	3.2574234552E-2	3.2481758487E-2
1801	3.2581840917E-2	3.2489798377E-2
1802	3.2598253624E-2	3.2506789759E-2
1803	3.2613685495E-2	3.2522997587E-2
1804	3.2623851287E-2	3.253375561E-2
1805	3.2641117685E-2	3.2551048946E-2
1806	3.2650443332E-2	3.2560790862E-2
1807	3.2662127499E-2	3.2572418139E-2
1808	3.2678581893E-2	3.2588126448E-2
1809	3.2695707138E-2	3.260544677E-2
1810	3.2715432965E-2	3.2624726935E-2
1811	3.2725580459E-2	3.2636782244E-2
1812	3.2740262161E-2	3.265186507E-2
1813	3.2753079014E-2	3.2665318174E-2
1814	3.2769217971E-2	3.2682624451E-2
1815	3.2786174299E-2	3.2699582235E-2
1816	3.2800736409E-2	3.271325227E-2
1817	3.2815341746E-2	3.2727193463E-2
1818	3.2828117711E-2	3.2737958401E-2
1819	3.2841712073E-2	3.2750271333E-2
1820	3.2853979994E-2	3.2764768503E-2
1821	3.2867925928E-2	3.2778868706E-2
1822	3.2884824304E-2	3.2795017241E-2
1823	3.2898121007E-2	3.2808711452E-2
1824	3.2917577832E-2	3.2827959223E-2
1825	3.293031048E-2	3.2840625771E-2
1826	3.2942142238E-2	3.2854034703E-2
1827	3.2957846732E-2	3.2870391102E-2
1828	3.296822211E-2	3.2880286085E-2
1829	3.2985778452E-2	3.2897572385E-2
1830	3.29973035E-2	3.2908583441E-2
1831	3.3013643944E-2	3.2925081005E-2
1832	3.3028920207E-2	3.2941469867E-2
1833	3.3041517593E-2	3.2953674283E-2
1834	3.3055291345E-2	3.2969239666E-2
1835	3.3070285437E-2	3.2983472661E-2
1836	3.3086300025E-2	3.2999522929E-2
1837	3.3097038255E-2	3.3010457238E-2
1838	3.3108850338E-2	3.302191193E-2
1839	3.3117706835E-2	3.3030985673E-2
1840	3.3129268046E-2	3.3041453867E-2
1841	3.3145564148E-2	3.3056806095E-2
1842	3.315861279E-2	3.3069858103E-2
1843	3.3175442537E-2	3.3085895963E-2
1844	3.3189229478E-2	3.3100180293E-2
1845	3.3201804059E-2	3.3111719206E-2
1846	3.3218320079E-2	3.312740809E-2
1847	3.3236444252E-2	3.3143645034E-2
1848	3.3254177648E-2	3.3160947075E-2
1849	3.326726446E-2	3.3173439393E-2
1850	3.3283456116E-2	3.3187963147E-2
1851	3.3297237546E-2	3.3200880055E-2
1852	3.3312150868E-2	3.3215102292E-2
1853	3.3329148545E-2	3.3231918361E-2
1854	3.3342161491E-2	3.3243910925E-2
1855	3.3350381091E-2	3.3252616905E-2
1856	3.3367430362E-2	3.327192784E-2
1857	3.3387320383E-2	3.3291452769E-2
1858	3.3400901921E-2	3.3305236068E-2
1859	3.341668117E-2	3.3320432422E-2
1860	3.3434814062E-2	3.3337869985E-2
1861	3.3451589418E-2	3.335536178E-2
1862	3.3463500624E-2	3.3367272227E-2
1863	3.3476555726E-2	3.3379070322E-2
1864	3.3490894436E-2	3.3393159806E-2
1865	3.3506028217E-2	3.3409125999E-2
1866	3.3522064967E-2	3.3425009076E-2
1867	3.3537626844E-2	3.343893922E-2
1868	3.3553422672E-2	3.3455265794E-2
1869	3.3563702716E-2	3.3463869685E-2
1870	3.3576166129E-2	3.3477201548E-2
1871	3.3589077938E-2	3.3489824575E-2
1872	3.3604068824E-2	3.3502706214E-2
1873	3.361554399E-2	3.3514193775E-2
1874	3.3628648227E-2	3.3527464022E-2
1875	3.3643942203E-2	3.3541883421E-2
1876	3.3663197592E-2	3.35619083E-2
1877	3.3684569181E-2	3.3580603025E-2
1878	3.3700550516E-2	3.3596606846E-2
1879	3.3708066467E-2	3.3603492228E-2
1880	3.3720476914E-2	3.3614771022E-2
1881	3.3728069302E-2	3.3622721181E-2
1882	3.3742794441E-2	3.3636645859E-2
1883	3.375867639E-2	3.3652344399E-2
1884	3.3772178178E-2	3.3666491734E-2
1885	3.3785830047E-2	3.3677638595E-2
1886	3.3792639397E-2	3.3683444002E-2
1887	3.3804984353E-2	3.3695401826E-2
1888	3.3816065208E-2	3.3705310322E-2
1889	3.3830534087E-2	3.371835992E-2
1890	3.3844044728E-2	3.3732391078E-2
1891	3.3860317963E-2	3.3747371501E-2
1892	3.3875312619E-2	3.3762443389E-2
1893	3.3885612378E-2	3.377310552E-2
1894	3.390095723E-2	3.3789263237E-2
1895	3.3922383224E-2	3.3809554563E-2
1896	3.3936094461E-2	3.3822824371E-2
1897	3.395176374E-2	3.383848152E-2
1898	3.3965379923E-2	3.3851772781E-2
1899	3.3976636231E-2	3.3862147168E-2
1900	3.3990872896E-2	3.3876488328E-2
1901	3.4006385705E-2	3.3891915938E-2
1902	3.4018445435E-2	3.3902663302E-2
1903	3.4037205859E-2	3.3921244544E-2
1904	3.4049477293E-2	3.3935113407E-2
1905	3.406621315E-2	3.3951278049E-2
1906	3.4078906695E-2	3.3962800099E-2
1907	3.4095659288E-2	3.3979355894E-2
1908	3.4109661993E-2	3.3993482777E-2
1909	3.4129973171E-2	3.4012928218E-2
1910	3.4143511052E-2	3.4026139117E-2
1911	3.416273408E-2	3.4044694272E-2
1912	3.4178853885E-2	3.4059403032E-2
1913	3.4193732684E-2	3.4073199079E-2
1914	3.4210015187E-2	3.4090385199E-2
1915	3.4223930096E-2	3.410435073E-2
1916	3.4238069753E-2	3.4115605306E-2
1917	3.4248822966E-2	3.4126813467E-2
1918	3.4260445115E-2	3.4138515012E-2
1919	3.4271697455E-2	3.4150907759E-2
1920	3.4290315915E-2	3.4169005417E-2
1921	3.4305250646E-2	3.4184467247E-2
1922	3.4322890537E-2	3.4201727966E-2
1923	3.433860433E-2	3.4216488101E-2
1924	3.4352820488E-2	3.4231567757E-2
1925	3.4369977966E-2	3.4247001866E-2
1926	3.4383793331E-2	3.425945613E-2
1927	3.4402016393E-2	3.427639543E-2
1928	3.4413606475E-2	3.4288445218E-2
1929	3.4423881552E-2	3.4299507869E-2
1930	3.4435245765E-2	3.4309349553E-2
1931	3.4452507736E-2	3.432476383E-2
1932	3.4464400917E-2	3.4337338385E-2
1933	3.4478478118E-2	3.4351360802E-2
1934	3.4493977271E-2	3.4365529586E-2
1935	3.4508425329E-2	3.4382004901E-2
1936	3.4520470008E-2	3.4393182816E-2
1937	3.4540972927E-2	3.4411171656E-2
1938	3.4552710958E-2	3.4423301171E-2
1939	3.4568759473E-2	3.4439337512E-2
1940	3.4578337064E-2	3.4448646247E-2
1941	3.4601030527E-2	3.447284048E-2
1942	3.4611976096E-2	3.4483099136E-2
1943	3.4624529409E-2	3.4493824334E-2
1944	3.4633917692E-2	3.450279791E-2
1945	3.4650865412E-2	3.4518378119E-2
1946	3.4662839888E-2	3.4531323476E-2
1947	3.4673129054E-2	3.4541475091E-2
1948	3.4688041922E-2	3.4555360509E-2
1949	3.4700029164E-2	3.4565510432E-2
1950	3.4716530351E-2	3.458147228E-2
1951	3.4728064793E-2	3.4592653248E-2
1952	3.4743254235E-2	3.460586063E-2
1953	3.4755267829E-2	3.4617696862E-2
1954	3.477126264E-2	3.4635416862E-2
1955	3.4786051168E-2	3.4650571532E-2
1956	3.4797700236E-2	3.4661088461E-2
1957	3.4810419431E-2	3.4673579139E-2
1958	3.4826646815E-2	3.4689365297E-2
1959	3.4841383468E-2	3.4702841187E-2
1960	3.4857933189E-2	3.4719817266E-2
1961	3.4878592059E-2	3.4741259226E-2
1962	3.4894413082E-2	3.4756615575E-2
1963	3.4907962699E-2	3.4771441262E-2
1964	3.4925406636E-2	3.4787349892E-2
1965	3.4943680994E-2	3.4804423081E-2
1966	3.4957291924E-2	3.4817773211E-2
1967	3.4972764295E-2	3.4831069145E-2
1968	3.498605689E-2	3.4844865785E-2
1969	3.5006959226E-2	3.4863943232E-2
1970	3.5021066119E-2	3.4878896823E-2
1971	3.5039488399E-2	3.4896511389E-2
1972	3.5052326662E-2	3.4908096975E-2
1973	3.5071157943E-2	3.4928037068E-2
1974	3.508984227E-2	3.4947510506E-2
1975	3.5099614394E-2	3.4955846861E-2
1976	3.511142409E-2	3.496657015E-2
1977	3.5121948792E-2	3.4976515391E-2
1978	3.5138985574E-2	3.4992107597E-2
1979	3.5151103125E-2	3.5004570143E-2
1980	3.5170075787E-2	3.5022270003E-2
1981	3.5189194725E-2	3.5041354195E-2
1982	3.5205392716E-2	3.5057902267E-2
1983	3.5216690473E-2	3.5069136654E-2
1984	3.5228422048E-2	3.5079965432E-2
1985	3.5243343956E-2	3.5094251057E-2
1986	3.5251673241E-2	3.5102967229E-2
1987	3.5260818445E-2	3.5111583206E-2
1988	3.5274009817E-2	3.512510769E-2
1989	3.5285740413E-2	3.5136231515E-2
1990	3.5297155881E-2	3.5146661232E-2
1991	3.5308177444E-2	3.5157942995E-2
1992	3.5321467865E-2	3.5171380362E-2
1993	3.5334298106E-2	3.5182974862E-2
1994	3.5348388125E-2	3.519657326E-2
1995	3.53662915E-2	3.5214737818E-2
1996	3.5379156504E-2	3.5226741442E-2
1997	3.5391769858E-2	3.5238247559E-2
1998	3.5398925731E-2	3.524518824E-2
1999	3.5417788557E-2	3.5262287945E-2
2000	3.5435957291E-2	3.5280933537E-2
2001	3.545034178E-2	3.5294147432E-2
2002	3.5470678228E-2	3.531346057E-2
2003	3.5484743416E-2	3.5327265755E-2
2004	3.5494599411E-2	3.5336079135E-2
2005	3.5509227832E-2	3.5350298417E-2
2006	3.5526695408E-2	3.5367826494E-2
2007	3.5535231752E-2	3.5376059422E-2
2008	3.5547259189E-2	3.5387059996E-2
2009	3.5561566927E-2	3.540080651E-2
2010	3.5577618704E-2	3.541571275E-2
2011	3.5596371255E-2	3.5434439581E-2
2012	3.5615031713E-2	3.5453271691E-2
2013	3.5638561533E-2	3.5475951317E-2
2014	3.5654421954E-2	3.5491591986E-2
2015	3.5671933919E-2	3.5509361464E-2
2016	3.5689682396E-2	3.5528867916E-2
2017	3.5703169951E-2	3.5542471486E-2
2018	3.5718916857E-2	3.5558872437E-2
2019	3.5731625839E-2	3.5571559153E-2
2020	3.5745012576E-2	3.5584419607E-2
2021	3.5760097891E-2	3.5600764535E-2
2022	3.5774794445E-2	3.5614262567E-2
2023	3.5787185224E-2	3.5626815436E-2
2024	3.5800516473E-2	3.5640996174E-2
2025	3.5812545369E-2	3.5653385365E-2
2026	3.5828033702E-2	3.566864065E-2
2027	3.5851372061E-2	3.5690788272E-2
2028	3.5859136384E-2	3.5698614779E-2
2029	3.5875502676E-2	3.5713964069E-2
2030	3.5892797672E-2	3.5731418557E-2
2031	3.5907761825E-2	3.5745046063E-2
2032	3.5925178371E-2	3.5762398271E-2
2033	3.5937890874E-2	3.5775354353E-2
2034	3.5952587692E-2	3.5789788226E-2
2035	3.5968448441E-2	3.5804553628E-2
2036	3.5989972646E-2	3.5825109927E-2
2037	3.6004509197E-2	3.5841076667E-2
2038	3.6021215306E-2	3.5857545172E-2
2039	3.6031723345E-2	3.5867776537E-2
2040	3.6044923834E-2	3.5880621831E-2
2041	3.6065009085E-2	3.5900299833E-2
2042	3.6080384084E-2	3.5915088392E-2
2043	3.609638537E-2	3.5930206741E-2
2044	3.6109914811E-2	3.5943767913E-2
2045	3.6116484549E-2	3.5949287969E-2
2046	3.6131448641E-2	3.5965305403E-2
2047	3.6145969122E-2	3.5980064018E-2
2048	3.6159227487E-2	3.5991445574E-2
2049	3.617316522E-2	3.6004446728E-2
2050	3.6187547141E-2	3.6018602156E-2
2051	3.6202452415E-2	3.6032344663E-2
2052	3.6216598363E-2	3.60461589E-2
2053	3.6233675419E-2	3.6062234911E-2
2054	3.6252228289E-2	3.6080216666E-2
2055	3.6271967415E-2	3.6097890742E-2
2056	3.6291436496E-2	3.6117536126E-2
2057	3.6308811011E-2	3.6134905095E-2
2058	3.6320334147E-2	3.6147582118E-2
2059	3.633469049E-2	3.6161848751E-2
2060	3.6347243914E-2	3.6174695266E-2
2061	3.635551354E-2	3.6182704669E-2
2062	3.6371300867E-2	3.6198047401E-2
2063	3.6387598895E-2	3.621232352E-2
2064	3.6402782767E-2	3.6227826946E-2
2065	3.6417521018E-2	3.6243149989E-2
2066	3.6431700827E-2	3.6257639561E-2
2067	3.6445408186E-2	3.6271078579E-2
2068	3.6462180549E-2	3.6287048161E-2
2069	3.6479999009E-2	3.6305420228E-2
2070	3.6494330732E-2	3.6320003024E-2
2071	3.6506768783E-2	3.6332752133E-2
2072	3.6524557311E-2	3.6350004678E-2
2073	3.6540964106E-2	3.6364538667E-2
2074	3.655805223E-2	3.638123336E-2
2075	3.6575704353E-2	3.6398461839E-2
2076	3.6588757749E-2	3.6411167549E-2
2077	3.6607149253E-2	3.6429195046E-2
2078	3.6618270163E-2	3.6440763454E-2
2079	3.6632874151E-2	3.6454490058E-2
2080	3.6651661485E-2	3.6473212047E-2
2081	3.6674517017E-2	3.6495849767E-2
2082	3.669020747E-2	3.6508990143E-2
2083	3.6705686359E-2	3.6523733345E-2
2084	3.6718085459E-2	3.6535252831E-2
2085	3.6736764182E-2	3.6553619744E-2
2086	3.6754616837E-2	3.6571840075E-2
2087	3.6772162813E-2	3.658946444E-2
2088	3.6794908211E-2	3.6612259145E-2
2089	3.6807611926E-2	3.662416662E-2
2090	3.6825484206E-2	3.664170306E-2
2091	3.6842906918E-2	3.665782695E-2
2092	3.6855333406E-2	3.6669829738E-2
2093	3.6871957458E-2	3.6684987438E-2
2094	3.6890687082E-2	3.6703034517E-2
2095	3.6911561409E-2	3.6723650033E-2
2096	3.6926925387E-2	3.6739077815E-2
2097	3.6942020252E-2	3.6752335414E-2
2098	3.6952743494E-2	3.6761843817E-2
2099	3.6962869454E-2	3.6772393115E-2
2100	3.6977574893E-2	3.6787064358E-2
2101	3.6992388628E-2	3.6801146517E-2
2102	3.7007942086E-2	3.6814783919E-2
2103	3.702643766E-2	3.6832630849E-2
2104	3.7042748937E-2	3.6849236079E-2
2105	3.7053203946E-2	3.6858606272E-2
2106	3.7067674076E-2	3.6871783771E-2
2107	3.7091258184E-2	3.6895552573E-2
2108	3.7102874887E-2	3.6906910431E-2
2109	3.7113811803E-2	3.691751643E-2
2110	3.7124108328E-2	3.6926791986E-2
2111	3.7136129973E-2	3.6938963477E-2
2112	3.7146606696E-2	3.6948677729E-2
2113	3.7165151356E-2	3.6968052277E-2
2114	3.7180369087E-2	3.6982296581E-2
2115	3.7195344462E-2	3.6997120905E-2
2116	3.7210456244E-2	3.7011971207E-2
2117	3.7228529836E-2	3.7029510513E-2
2118	3.724834914E-2	3.7050292078E-2
2119	3.7265810735E-2	3.7066670593E-2
2120	3.7274023172E-2	3.707515998E-2
2121	3.72873455E-2	3.7088915935E-2
2122	3.730303938E-2	3.7104306957E-2
2123	3.7316947809E-2	3.7118654833E-2
2124	3.733168398E-2	3.713268346E-2
2125	3.73450146E-2	3.7145520733E-2
2126	3.736590911E-2	3.7164593513E-2
2127	3.7378266707E-2	3.7177436266E-2
2128	3.7392720993E-2	3.7191187214E-2
2129	3.7409900694E-2	3.7208194233E-2
2130	3.7428234097E-2	3.7227784639E-2
2131	3.7449046718E-2	3.7247707668E-2
2132	3.7469456554E-2	3.7266878995E-2
2133	3.7489060039E-2	3.7286018064E-2
2134	3.7505829824E-2	3.7303301818E-2
2135	3.7521122915E-2	3.731888445E-2
2136	3.7544447744E-2	3.7342462468E-2
2137	3.7563631856E-2	3.7360940499E-2
2138	3.7583278848E-2	3.737963927E-2
2139	3.7602347718E-2	3.7399469355E-2
2140	3.7620552959E-2	3.7417984727E-2
2141	3.7641913786E-2	3.7437770847E-2
2142	3.7664733697E-2	3.7460638398E-2
2143	3.7677584164E-2	3.7473782566E-2
2144	3.7692101315E-2	3.7488900506E-2
2145	3.7706311315E-2	3.7502932257E-2
2146	3.7726613509E-2	3.7521709598E-2
2147	3.7738240826E-2	3.7533410242E-2
2148	3.7748983764E-2	3.7545391747E-2
2149	3.7767537754E-2	3.7561665911E-2
2150	3.7779176242E-2	3.7573151325E-2
2151	3.7799544744E-2	3.7593009714E-2
2152	3.7819218306E-2	3.76118481E-2
2153	3.7835520992E-2	3.7627628425E-2
2154	3.7853515733E-2	3.7645706347E-2
2155	3.7867257046E-2	3.7660790173E-2
2156	3.7882429857E-2	3.7674637624E-2
2157	3.7901526956E-2	3.7693649661E-2
2158	3.7919771347E-2	3.7711393199E-2
2159	3.7938426457E-2	3.7728641669E-2
2160	3.7962197008E-2	3.775111307E-2
2161	3.7977777355E-2	3.7765402935E-2
2162	3.7988646783E-2	3.7776770488E-2
2163	3.8005372284E-2	3.7792236037E-2
2164	3.8023016203E-2	3.7810144475E-2
2165	3.8036817375E-2	3.7822872729E-2
2166	3.8050349555E-2	3.7835569786E-2
2167	3.8067953101E-2	3.7851810396E-2
2168	3.8090046067E-2	3.7874021462E-2
2169	3.8108444888E-2	3.7892360572E-2
2170	3.8121614044E-2	3.7907436442E-2
2171	3.813651749E-2	3.7921259118E-2
2172	3.8146726347E-2	3.7931505711E-2
2173	3.8156679432E-2	3.7941407635E-2
2174	3.8173224741E-2	3.7956671161E-2
2175	3.8189640529E-2	3.7972609666E-2
2176	3.820096952E-2	3.7982995467E-2
2177	3.8214093545E-2	3.7994302814E-2
2178	3.8232913776E-2	3.8013185165E-2
2179	3.8250415015E-2	3.80308418E-2
2180	3.8276002841E-2	3.8055378105E-2
2181	3.8294103734E-2	3.8073864968E-2
2182	3.8305908152E-2	3.8086138556E-2
2183	3.8318466774E-2	3.8099403612E-2
2184	3.8336050147E-2	3.8114999315E-2
2185	3.8350783676E-2	3.8130300354E-2
2186	3.8368828833E-2	3.8147712342E-2
2187	3.8382535863E-2	3.816205784E-2
2188	3.8397891858E-2	3.817598063E-2
2189	3.8412944888E-2	3.8190900963E-2
2190	3.8429423205E-2	3.8205630514E-2
2191	3.8441006662E-2	3.8217186319E-2
2192	3.8454892989E-2	3.823079784E-2
2193	3.8470858774E-2	3.824571548E-2
2194	3.8483120783E-2	3.8259633604E-2
2195	3.850611968E-2	3.8285386435E-2
2196	3.8525175496E-2	3.8305421425E-2
2197	3.854066918E-2	3.8320601268E-2
2198	3.8554620478E-2	3.8333745569E-2
2199	3.8566916088E-2	3.8347125996E-2
2200	3.8578503022E-2	3.8359720295E-2
2201	3.8594462431E-2	3.8375314227E-2
2202	3.861184951E-2	3.8391995113E-2
2203	3.8629236407E-2	3.8410063655E-2
2204	3.8645140212E-2	3.8424325554E-2
2205	3.8664558964E-2	3.844156379E-2
2206	3.8680670721E-2	3.8457303338E-2
2207	3.8692948234E-2	3.8469408967E-2
2208	3.8706041727E-2	3.8482124498E-2
2209	3.8721355375E-2	3.8497553132E-2
2210	3.8740716199E-2	3.8518174884E-2
2211	3.8754409801E-2	3.8531870299E-2
2212	3.8764934948E-2	3.8543475579E-2
2213	3.8779068388E-2	3.8558148528E-2
2214	3.8790647027E-2	3.8569623005E-2
2215	3.88065874E-2	3.8586297141E-2
2216	3.882752228E-2	3.8605239876E-2
2217	3.8844364797E-2	3.8624722447E-2
2218	3.8855837031E-2	3.863639663E-2
2219	3.8866890715E-2	3.8650003755E-2
2220	3.8877881258E-2	3.8663549147E-2
2221	3.8892315399E-2	3.8676219696E-2
2222	3.890427959E-2	3.8689413167E-2
2223	3.8925962908E-2	3.8710243802E-2
2224	3.8939985587E-2	3.8722914741E-2
2225	3.8958612653E-2	3.8742998068E-2
2226	3.8977286411E-2	3.8762334754E-2
2227	3.89977486E-2	3.878365945E-2
2228	3.9013882327E-2	3.8801601257E-2
2229	3.9033660064E-2	3.8821638908E-2
2230	3.9049245494E-2	3.8837651787E-2
2231	3.9061504716E-2	3.8848708754E-2
2232	3.9078652197E-2	3.8866832242E-2
2233	3.9096338518E-2	3.8885296085E-2
2234	3.9113280945E-2	3.8902012929E-2
2235	3.9130614421E-2	3.8919382239E-2
2236	3.9145668632E-2	3.8937260618E-2
2237	3.9164962374E-2	3.8956923701E-2
2238	3.9177693992E-2	3.89700755E-2
2239	3.919569284E-2	3.8988470885E-2
2240	3.9211442582E-2	3.9003311578E-2
2241	3.9226445512E-2	3.9017682013E-2
2242	3.9242371028E-2	3.903583663E-2
2243	3.9262035501E-2	3.9055136371E-2
2244	3.9281634667E-2	3.9073684495E-2
2245	3.9300002211E-2	3.9091928042E-2
2246	3.9320366412E-2	3.911267066E-2
2247	3.9335135029E-2	3.9127999379E-2
2248	3.9352611811E-2	3.9144847955E-2
2249	3.9369806176E-2	3.9162578428E-2
2250	3.9389921182E-2	3.9182515775E-2
2251	3.9404060639E-2	3.9197853045E-2
2252	3.941986338E-2	3.9213568676E-2
2253	3.9433970262E-2	3.9226317779E-2
2254	3.9450219318E-2	3.9241840905E-2
2255	3.9466886142E-2	3.9259478875E-2
2256	3.9480593973E-2	3.9274025158E-2
2257	3.9497539706E-2	3.9290600486E-2
2258	3.9515557824E-2	3.9309925276E-2
2259	3.9526105264E-2	3.9322342844E-2
2260	3.9539398852E-2	3.9335401933E-2
2261	3.9550659046E-2	3.9346368127E-2
2262	3.9573284988E-2	3.936859823E-2
2263	3.9589036876E-2	3.9385194961E-2
2264	3.9605463687E-2	3.9402151737E-2
2265	3.9621780666E-2	3.9418136044E-2
2266	3.9639121626E-2	3.9436043218E-2
2267	3.9651112447E-2	3.9448395129E-2
2268	3.9663242771E-2	3.946081314E-2
2269	3.9683927038E-2	3.9481029349E-2
2270	3.9700342076E-2	3.9496950189E-2
2271	3.9718583174E-2	3.9515217517E-2
2272	3.9735389274E-2	3.9532447161E-2
2273	3.9758010847E-2	3.9553307088E-2
2274	3.9776321983E-2	3.9571221481E-2
2275	3.9783906586E-2	3.9578694023E-2
2276	3.9800694362E-2	3.9596651219E-2
2277	3.9815160405E-2	3.961026862E-2
2278	3.9832784886E-2	3.9626210443E-2
2279	3.9849784253E-2	3.9642499489E-2
2280	3.9868199201E-2	3.9661348468E-2
2281	3.9890146763E-2	3.9683900116E-2
2282	3.9906829115E-2	3.9700024086E-2
2283	3.9920312438E-2	3.9713136947E-2
2284	3.9935246272E-2	3.9727560858E-2
2285	3.9951073518E-2	3.9744100028E-2
2286	3.9965272045E-2	3.9759779798E-2
2287	3.9985234853E-2	3.9780037339E-2
2288	4.0006228019E-2	3.9801824244E-2
2289	4.0023150359E-2	3.9816826323E-2
2290	4.0043571857E-2	3.9837841176E-2
2291	4.0060310121E-2	3.9855756768E-2
2292	4.0075034769E-2	3.9870204362E-2
2293	4.0089673359E-2	3.9885152167E-2
2294	4.0104361974E-2	3.9899167516E-2
2295	4.0120711395E-2	3.9915193926E-2
2296	4.0141307739E-2	3.9937408894E-2
2297	4.0153517015E-2	3.9949399436E-2
2298	4.0169581915E-2	3.9967019357E-2
2299	4.0188037746E-2	3.9984974337E-2
2300	4.020319016E-2	3.9999732254E-2
2301	4.0216536011E-2	4.001182758E-2
2302	4.0236030745E-2	4.0031651633E-2
2303	4.025268335E-2	4.0048352529E-2
2304	4.0273448867E-2	4.0068816276E-2
2305	4.0291480328E-2	4.0086258182E-2
2306	4.0312421369E-2	4.0109047794E-2
2307	4.0328321043E-2	4.0124441925E-2
2308	4.0354234832E-2	4.0149750942E-2
2309	4.0372379453E-2	4.0167898578E-2
2310	4.038882222E-2	4.0184357635E-2
2311	4.0406174588E-2	4.020151941E-2
2312	4.0422740568E-2	4.0218478603E-2
2313	4.0435692352E-2	4.0231074888E-2
2314	4.0450717146E-2	4.0245211169E-2
2315	4.0467358781E-2	4.0262300636E-2
2316	4.0481385139E-2	4.0279878394E-2
2317	4.0495583019E-2	4.0296356036E-2
2318	4.0509790152E-2	4.0309922491E-2
2319	4.0525650918E-2	4.032561594E-2
2320	4.0544951811E-2	4.0344273935E-2
2321	4.0558006325E-2	4.0356590284E-2
2322	4.0572090055E-2	4.0370366372E-2
2323	4.0589195815E-2	4.0386526077E-2
2324	4.0605657767E-2	4.0403935085E-2
2325	4.062639922E-2	4.0425045418E-2
2326	4.064936953E-2	4.0449786582E-2
2327	4.0673714756E-2	4.047394508E-2
2328	4.0689406739E-2	4.0489655435E-2
2329	4.0703785136E-2	4.0503343164E-2
2330	4.0720268711E-2	4.0518311004E-2
2331	4.073673822E-2	4.0535838474E-2
2332	4.0748439248E-2	4.0548279935E-2
2333	4.0765275869E-2	4.0564133019E-2
2334	4.0785444492E-2	4.0584974907E-2
2335	4.0796876417E-2	4.0596644264E-2
2336	4.0806404691E-2	4.06073798E-2
2337	4.0822328137E-2	4.0625523371E-2
2338	4.0839024376E-2	4.0644845045E-2
