model_file /home/jeremy/Dropbox/work_related/harcombe_lab/segre/COMETS_Protocols/COMETS_protocols/COMETS_example_DemographicNoiseCooperativePropagation/TwoStrains_D1.0_Cn1.1e-3_noise0.01Khill1.0e-3/python_toolbox/e_coli_core.cmd /home/jeremy/Dropbox/work_related/harcombe_lab/segre/COMETS_Protocols/COMETS_protocols/COMETS_example_DemographicNoiseCooperativePropagation/TwoStrains_D1.0_Cn1.1e-3_noise0.01Khill1.0e-3/python_toolbox/e_coli_core2.cmd 
  model_world
    grid_size 40 40
    world_media
      ac_e 0
      acald_e 0
      akg_e 0
      co2_e 0
      etoh_e 0
      for_e 0
      fru_e 0
      fum_e 0
      glc__D_e 0.0022
      gln__L_e 0
      glu__L_e 0
      h2o_e 1000
      h_e 1000
      lac__D_e 0
      mal__L_e 0
      nh4_e 1000
      o2_e 1000
      pi_e 1000
      pyr_e 0
      succ_e 0
    //
    static_media 0 0 0 0 0 0 0 0 0 0 0 0 0 0 0 0 0 0 0 0 0 0 0 0 0 0 0 0 0 0 0 0 0 0 0 0 0 0 0 0
      0 39 0 0 0 0 0 0 0 0 0 0 0 0 0 0 0 0 1 0.0011 0 0 0 0 0 0 0 0 0 0 0 0 0 0 0 0 0 0 0 0 0 0
      1 39 0 0 0 0 0 0 0 0 0 0 0 0 0 0 0 0 1 0.0011 0 0 0 0 0 0 0 0 0 0 0 0 0 0 0 0 0 0 0 0 0 0
      2 39 0 0 0 0 0 0 0 0 0 0 0 0 0 0 0 0 1 0.0011 0 0 0 0 0 0 0 0 0 0 0 0 0 0 0 0 0 0 0 0 0 0
      3 39 0 0 0 0 0 0 0 0 0 0 0 0 0 0 0 0 1 0.0011 0 0 0 0 0 0 0 0 0 0 0 0 0 0 0 0 0 0 0 0 0 0
      4 39 0 0 0 0 0 0 0 0 0 0 0 0 0 0 0 0 1 0.0011 0 0 0 0 0 0 0 0 0 0 0 0 0 0 0 0 0 0 0 0 0 0
      5 39 0 0 0 0 0 0 0 0 0 0 0 0 0 0 0 0 1 0.0011 0 0 0 0 0 0 0 0 0 0 0 0 0 0 0 0 0 0 0 0 0 0
      6 39 0 0 0 0 0 0 0 0 0 0 0 0 0 0 0 0 1 0.0011 0 0 0 0 0 0 0 0 0 0 0 0 0 0 0 0 0 0 0 0 0 0
      7 39 0 0 0 0 0 0 0 0 0 0 0 0 0 0 0 0 1 0.0011 0 0 0 0 0 0 0 0 0 0 0 0 0 0 0 0 0 0 0 0 0 0
      8 39 0 0 0 0 0 0 0 0 0 0 0 0 0 0 0 0 1 0.0011 0 0 0 0 0 0 0 0 0 0 0 0 0 0 0 0 0 0 0 0 0 0
      9 39 0 0 0 0 0 0 0 0 0 0 0 0 0 0 0 0 1 0.0011 0 0 0 0 0 0 0 0 0 0 0 0 0 0 0 0 0 0 0 0 0 0
      10 39 0 0 0 0 0 0 0 0 0 0 0 0 0 0 0 0 1 0.0011 0 0 0 0 0 0 0 0 0 0 0 0 0 0 0 0 0 0 0 0 0 0
      11 39 0 0 0 0 0 0 0 0 0 0 0 0 0 0 0 0 1 0.0011 0 0 0 0 0 0 0 0 0 0 0 0 0 0 0 0 0 0 0 0 0 0
      12 39 0 0 0 0 0 0 0 0 0 0 0 0 0 0 0 0 1 0.0011 0 0 0 0 0 0 0 0 0 0 0 0 0 0 0 0 0 0 0 0 0 0
      13 39 0 0 0 0 0 0 0 0 0 0 0 0 0 0 0 0 1 0.0011 0 0 0 0 0 0 0 0 0 0 0 0 0 0 0 0 0 0 0 0 0 0
      14 39 0 0 0 0 0 0 0 0 0 0 0 0 0 0 0 0 1 0.0011 0 0 0 0 0 0 0 0 0 0 0 0 0 0 0 0 0 0 0 0 0 0
      15 39 0 0 0 0 0 0 0 0 0 0 0 0 0 0 0 0 1 0.0011 0 0 0 0 0 0 0 0 0 0 0 0 0 0 0 0 0 0 0 0 0 0
      16 39 0 0 0 0 0 0 0 0 0 0 0 0 0 0 0 0 1 0.0011 0 0 0 0 0 0 0 0 0 0 0 0 0 0 0 0 0 0 0 0 0 0
      17 39 0 0 0 0 0 0 0 0 0 0 0 0 0 0 0 0 1 0.0011 0 0 0 0 0 0 0 0 0 0 0 0 0 0 0 0 0 0 0 0 0 0
      18 39 0 0 0 0 0 0 0 0 0 0 0 0 0 0 0 0 1 0.0011 0 0 0 0 0 0 0 0 0 0 0 0 0 0 0 0 0 0 0 0 0 0
      19 39 0 0 0 0 0 0 0 0 0 0 0 0 0 0 0 0 1 0.0011 0 0 0 0 0 0 0 0 0 0 0 0 0 0 0 0 0 0 0 0 0 0
      20 39 0 0 0 0 0 0 0 0 0 0 0 0 0 0 0 0 1 0.0011 0 0 0 0 0 0 0 0 0 0 0 0 0 0 0 0 0 0 0 0 0 0
      21 39 0 0 0 0 0 0 0 0 0 0 0 0 0 0 0 0 1 0.0011 0 0 0 0 0 0 0 0 0 0 0 0 0 0 0 0 0 0 0 0 0 0
      22 39 0 0 0 0 0 0 0 0 0 0 0 0 0 0 0 0 1 0.0011 0 0 0 0 0 0 0 0 0 0 0 0 0 0 0 0 0 0 0 0 0 0
      23 39 0 0 0 0 0 0 0 0 0 0 0 0 0 0 0 0 1 0.0011 0 0 0 0 0 0 0 0 0 0 0 0 0 0 0 0 0 0 0 0 0 0
      24 39 0 0 0 0 0 0 0 0 0 0 0 0 0 0 0 0 1 0.0011 0 0 0 0 0 0 0 0 0 0 0 0 0 0 0 0 0 0 0 0 0 0
      25 39 0 0 0 0 0 0 0 0 0 0 0 0 0 0 0 0 1 0.0011 0 0 0 0 0 0 0 0 0 0 0 0 0 0 0 0 0 0 0 0 0 0
      26 39 0 0 0 0 0 0 0 0 0 0 0 0 0 0 0 0 1 0.0011 0 0 0 0 0 0 0 0 0 0 0 0 0 0 0 0 0 0 0 0 0 0
      27 39 0 0 0 0 0 0 0 0 0 0 0 0 0 0 0 0 1 0.0011 0 0 0 0 0 0 0 0 0 0 0 0 0 0 0 0 0 0 0 0 0 0
      28 39 0 0 0 0 0 0 0 0 0 0 0 0 0 0 0 0 1 0.0011 0 0 0 0 0 0 0 0 0 0 0 0 0 0 0 0 0 0 0 0 0 0
      29 39 0 0 0 0 0 0 0 0 0 0 0 0 0 0 0 0 1 0.0011 0 0 0 0 0 0 0 0 0 0 0 0 0 0 0 0 0 0 0 0 0 0
      30 39 0 0 0 0 0 0 0 0 0 0 0 0 0 0 0 0 1 0.0011 0 0 0 0 0 0 0 0 0 0 0 0 0 0 0 0 0 0 0 0 0 0
      31 39 0 0 0 0 0 0 0 0 0 0 0 0 0 0 0 0 1 0.0011 0 0 0 0 0 0 0 0 0 0 0 0 0 0 0 0 0 0 0 0 0 0
      32 39 0 0 0 0 0 0 0 0 0 0 0 0 0 0 0 0 1 0.0011 0 0 0 0 0 0 0 0 0 0 0 0 0 0 0 0 0 0 0 0 0 0
      33 39 0 0 0 0 0 0 0 0 0 0 0 0 0 0 0 0 1 0.0011 0 0 0 0 0 0 0 0 0 0 0 0 0 0 0 0 0 0 0 0 0 0
      34 39 0 0 0 0 0 0 0 0 0 0 0 0 0 0 0 0 1 0.0011 0 0 0 0 0 0 0 0 0 0 0 0 0 0 0 0 0 0 0 0 0 0
      35 39 0 0 0 0 0 0 0 0 0 0 0 0 0 0 0 0 1 0.0011 0 0 0 0 0 0 0 0 0 0 0 0 0 0 0 0 0 0 0 0 0 0
      36 39 0 0 0 0 0 0 0 0 0 0 0 0 0 0 0 0 1 0.0011 0 0 0 0 0 0 0 0 0 0 0 0 0 0 0 0 0 0 0 0 0 0
      37 39 0 0 0 0 0 0 0 0 0 0 0 0 0 0 0 0 1 0.0011 0 0 0 0 0 0 0 0 0 0 0 0 0 0 0 0 0 0 0 0 0 0
      38 39 0 0 0 0 0 0 0 0 0 0 0 0 0 0 0 0 1 0.0011 0 0 0 0 0 0 0 0 0 0 0 0 0 0 0 0 0 0 0 0 0 0
      39 39 0 0 0 0 0 0 0 0 0 0 0 0 0 0 0 0 1 0.0011 0 0 0 0 0 0 0 0 0 0 0 0 0 0 0 0 0 0 0 0 0 0
    //
  //
  initial_pop
    0 0 6.402981737972065e-05 6.363602262304191e-05
    1 0 6.411250535793275e-05 6.277258456710253e-05
    2 0 6.376358709910808e-05 6.447044604548716e-05
    3 0 6.359221091010261e-05 6.470393649545297e-05
    4 0 6.356441299600068e-05 6.433862915344757e-05
    5 0 6.425595148729179e-05 6.297347509062318e-05
    6 0 6.334289702012469e-05 6.472935606636405e-05
    7 0 6.456336475117543e-05 6.27119975794793e-05
    8 0 6.287935239639747e-05 6.385850589775907e-05
    9 0 6.391422234484723e-05 6.364018955608661e-05
    10 0 6.61420461861484e-05 6.450730632603943e-05
    11 0 6.75207081576309e-05 6.418603158805917e-05
    12 0 6.395282260142e-05 6.268740109427169e-05
    13 0 6.224953831464097e-05 6.464480880187413e-05
    14 0 6.425018846983935e-05 6.229582265602265e-05
    15 0 6.358084894112444e-05 6.349297333782137e-05
    16 0 6.436093202354007e-05 6.362764832683286e-05
    17 0 6.398439290227537e-05 6.351573123047278e-05
    18 0 6.498310611609007e-05 6.399266004595465e-05
    19 0 6.364240894814953e-05 6.2742140130067e-05
    20 0 6.639387353660244e-05 6.33614720208054e-05
    21 0 6.238879420993772e-05 6.487419916861257e-05
    22 0 6.537962487451652e-05 6.509081306321253e-05
    23 0 6.466790267225458e-05 6.336771078210843e-05
    24 0 6.212550382354439e-05 6.492183171330008e-05
    25 0 6.371356726754898e-05 6.356436201301314e-05
    26 0 6.217439090416808e-05 6.465159769270939e-05
    27 0 6.612493763840292e-05 6.378675583865682e-05
    28 0 6.494967509538146e-05 6.297144465712159e-05
    29 0 6.30162247677246e-05 6.361131354714061e-05
    30 0 6.238236593901465e-05 6.286851935487445e-05
    31 0 6.438018394536417e-05 6.370012351789821e-05
    32 0 6.444950390380355e-05 6.42770329484309e-05
    33 0 6.27714471239061e-05 6.549020986176098e-05
    34 0 6.374731080919716e-05 6.437922300435542e-05
    35 0 6.32363602692829e-05 6.381164306699041e-05
    36 0 6.566867041413861e-05 6.480721161169157e-05
    37 0 6.316133377311332e-05 6.301364085411766e-05
    38 0 6.430734537149661e-05 6.417222083778965e-05
    39 0 6.349568321667883e-05 6.515731691282357e-05
  //
//
